0 2
1 2
2 2
3 3
4 2
5 3
6 2
7 1
8 1
9 3
10 0
11 1
12 2
13 1
14 2
15 1
16 2
17 2
18 0
19 2
20 2
21 1
22 1
23 1
24 4
25 1
26 1
27 2
28 3
29 2
30 1
31 1
32 2
33 2
34 0
35 1
36 2
37 1
38 1
39 2
40 1
41 1
42 0
43 1
44 1
45 2
46 1
47 2
48 3
49 3
50 1
51 3
52 1
53 1
54 3
55 2
56 1
57 2
58 2
59 1
60 1
61 1
62 2
63 3
64 1
65 2
66 2
67 2
68 2
69 1
70 1
71 3
72 1
73 1
74 1
75 2
76 0
77 1
78 1
79 1
80 1
81 1
82 1
83 1
84 1
85 1
86 1
87 1
88 1
89 1
90 1
91 1
92 1
93 2
94 1
95 1
96 1
97 1
98 2
99 1
100 1
101 2
102 1
103 0
104 1
105 1
106 1
107 1
108 3
109 2
110 2
111 1
112 2
113 1
114 2
115 1
116 2
117 1
118 0
119 1
120 0
121 0
122 0
123 0
124 0
125 0
126 1
127 0
128 1
129 0
130 0
131 0
132 0
133 0
134 1
135 0
136 0
137 1
138 0
139 0
140 0
141 0
142 1
143 0
144 0
145 0
146 0
147 0
148 1
149 1
150 0
151 0
152 1
153 0
154 0
155 0
156 0
157 0
158 0
159 0
160 1
161 1
162 0
163 1
164 1
165 0
166 0
167 0
168 0
169 0
170 0
171 1
172 1
173 2
174 0
175 1
176 0
177 1
178 0
179 1
180 0
181 1
182 0
183 2
184 1
185 0
186 0
187 2
188 2
189 1
190 2
191 0
192 0
193 1
194 1
195 1
196 1
197 1
198 0
199 1
200 2
201 1
202 1
203 1
204 2
205 0
206 0
207 1
208 1
209 1
210 1
211 0
212 2
213 1
214 0
215 0
216 1
217 1
218 0
219 1
220 0
221 2
222 0
223 1
224 0
225 0
226 1
227 2
228 1
229 0
230 1
231 1
232 1
233 0
234 1
235 1
236 1
237 1
238 1
239 2
240 2
241 1
242 1
243 0
244 1
245 0
246 2
247 1
248 2
249 1
250 1
251 2
252 2
253 0
254 2
255 1
256 0
257 0
258 0
259 1
260 0
261 1
262 0
263 1
264 0
265 2
266 0
267 0
268 0
269 0
270 0
271 0
272 0
273 0
274 0
275 0
276 0
277 0
278 2
279 0
280 0
281 0
282 1
283 0
284 0
285 0
286 0
287 1
288 1
289 2
290 0
291 0
292 0
293 1
294 0
295 1
296 1
297 1
298 2
299 1
300 2
301 1
302 1
303 1
304 1
305 0
306 0
307 1
308 1
309 1
310 1
311 1
312 1
313 2
314 1
315 1
316 1
317 2
318 1
319 1
320 1
321 0
322 1
323 1
324 1
325 1
326 0
327 1
328 1
329 0
330 0
331 0
332 1
333 1
334 1
335 1
336 1
337 1
338 1
339 0
340 2
341 0
342 0
343 1
344 1
345 0
346 1
347 1
348 1
349 2
350 1
351 1
352 1
353 1
354 1
355 2
356 1
357 1
358 1
359 1
360 1
361 1
362 0
363 1
364 0
365 1
366 1
367 1
368 1
369 0
370 1
371 1
372 1
373 1
374 2
375 1
376 2
377 1
378 1
379 1
380 1
381 1
382 0
383 0
384 1
385 1
386 1
387 1
388 1
389 1
390 2
391 1
392 1
393 1
394 1
395 1
396 2
397 1
398 1
399 1
400 1
401 1
402 3
403 0
404 1
405 1
406 1
407 1
408 1
409 1
410 2
411 0
412 0
413 1
414 1
415 0
416 1
417 3
418 1
419 0
420 0
421 1
422 1
423 1
424 1
425 1
426 1
427 0
428 0
429 1
430 2
431 1
432 1
433 1
434 1
435 1
436 1
437 1
438 1
439 1
440 1
441 1
442 1
443 1
444 2
445 1
446 0
447 1
448 1
449 0
450 0
451 0
452 1
453 1
454 0
455 0
456 2
457 0
458 1
459 1
460 0
461 1
462 2
463 2
464 0
465 1
466 1
467 0
468 0
469 0
470 1
471 3
472 1
473 2
474 1
475 1
476 1
477 1
478 1
479 1
480 0
481 0
482 0
483 1
484 0
485 0
486 1
487 1
488 1
489 1
490 1
491 1
492 1
493 0
494 2
495 1
496 0
497 0
498 0
499 1
500 0
501 0
502 1
503 1
504 1
505 0
506 1
507 0
508 1
509 1
510 1
511 2
512 0
513 0
514 1
515 1
516 2
517 1
518 0
519 1
520 1
521 1
522 1
523 1
524 1
525 1
526 2
527 2
528 0
529 1
530 1
531 1
532 1
533 1
534 2
535 1
536 1
537 1
538 2
539 1
540 1
541 1
542 1
543 1
544 1
545 1
546 2
547 1
548 1
549 1
550 1
551 1
552 1
553 1
554 1
555 1
556 0
557 1
558 1
559 2
560 1
561 1
562 1
563 1
564 1
565 1
566 1
567 1
568 1
569 1
570 1
571 1
572 1
573 0
574 0
575 2
576 1
577 0
578 1
579 1
580 0
581 1
582 1
583 0
584 0
585 0
586 1
587 0
588 2
589 1
590 1
591 0
592 1
593 1
594 1
595 2
596 2
597 1
598 1
599 2
600 2
601 1
602 1
603 3
604 4
605 2
606 3
607 1
608 1
609 3
610 2
611 1
612 1
613 1
614 1
615 2
616 2
617 2
618 0
619 2
620 1
621 0
622 2
623 2
624 0
625 1
626 3
627 1
628 2
629 1
630 1
631 2
632 1
633 0
634 0
635 1
636 1
637 1
638 0
639 1
640 1
641 0
642 1
643 1
644 1
645 1
646 1
647 0
648 1
649 1
650 1
651 1
652 1
653 0
654 1
655 1
656 0
657 1
658 1
659 1
660 2
661 2
662 1
663 1
664 1
665 0
666 1
667 1
668 1
669 1
670 0
671 1
672 1
673 2
674 1
675 1
676 0
677 1
678 0
679 1
680 2
681 1
682 2
683 1
684 1
685 1
686 1
687 1
688 1
689 1
690 1
691 1
692 1
693 1
694 1
695 0
696 1
697 0
698 0
699 0
700 1
701 0
702 0
703 0
704 1
705 1
706 1
707 2
708 1
709 1
710 1
711 0
712 1
713 1
714 0
715 0
716 0
717 1
718 1
719 1
720 1
721 1
722 0
723 0
724 0
725 1
726 1
727 1
728 0
729 0
730 0
731 0
732 0
733 0
734 0
735 0
736 0
737 1
738 0
739 0
740 0
741 0
742 0
743 0
744 0
745 0
746 1
747 0
748 0
749 0
750 1
751 1
752 1
753 1
754 0
755 0
756 1
757 1
758 0
759 2
760 1
761 2
762 2
763 1
764 1
765 0
766 0
767 1
768 0
769 0
770 1
771 0
772 2
773 1
774 1
775 1
776 1
777 0
778 0
779 0
780 1
781 0
782 1
783 1
784 1
785 1
786 0
787 1
788 1
789 1
790 0
791 0
792 1
793 0
794 0
795 1
796 0
797 0
798 0
799 0
800 1
801 0
802 0
803 0
804 1
805 1
806 1
807 0
808 0
809 1
810 1
811 0
812 0
813 0
814 0
815 0
816 0
817 1
818 1
819 1
820 0
821 0
822 0
823 1
824 0
825 1
826 0
827 0
828 1
829 0
830 0
831 0
832 0
833 0
834 0
835 0
836 0
837 0
838 1
839 0
840 0
841 1
842 0
843 0
844 0
845 1
846 1
847 1
848 1
849 1
850 1
851 0
852 0
853 0
854 0
855 0
856 1
857 1
858 0
859 1
860 0
861 0
862 0
863 0
864 0
865 0
866 0
867 0
868 2
869 0
870 0
871 0
872 0
873 0
874 0
875 0
876 0
877 0
878 0
879 0
880 1
881 0
882 1
883 2
884 1
885 0
886 0
887 0
888 0
889 1
890 0
891 0
892 0
893 0
894 0
895 0
896 0
897 0
898 1
899 0
900 0
901 0
902 0
903 3
904 0
905 0
906 0
907 0
908 1
909 0
910 2
911 1
912 1
913 1
914 0
915 2
916 1
917 0
918 2
919 2
920 1
921 1
922 1
923 1
924 0
925 0
926 1
927 1
928 0
929 1
930 0
931 0
932 0
933 0
934 1
935 0
936 0
937 0
938 0
939 0
940 0
941 0
942 0
943 0
944 0
945 0
946 0
947 1
948 1
949 0
950 0
951 0
952 1
953 1
954 0
955 0
956 0
957 0
958 0
959 1
960 0
961 0
962 0
963 0
964 0
965 0
966 0
967 0
968 1
969 0
970 0
971 1
972 0
973 1
974 0
975 0
976 0
977 0
978 1
979 0
980 0
981 1
982 1
983 0
984 0
985 0
986 0
987 2
988 1
989 1
990 0
991 1
992 0
993 2
994 2
995 1
996 1
997 0
998 1
999 1
1000 1
1001 1
1002 1
1003 1
1004 0
1005 1
1006 0
1007 1
1008 0
1009 1
1010 1
1011 1
1012 2
1013 1
1014 0
1015 2
1016 0
1017 1
1018 1
1019 1
1020 2
1021 1
1022 1
1023 1
1024 1
1025 1
1026 1
1027 1
1028 1
1029 0
1030 0
1031 0
1032 0
1033 0
1034 1
1035 1
1036 0
1037 0
1038 1
1039 0
1040 2
1041 1
1042 0
1043 0
1044 0
1045 0
1046 0
1047 0
1048 0
1049 0
1050 2
1051 0
1052 0
1053 0
1054 0
1055 0
1056 0
1057 0
1058 1
1059 0
1060 1
1061 0
1062 0
1063 0
1064 0
1065 0
1066 0
1067 0
1068 0
1069 1
1070 0
1071 1
1072 1
1073 0
1074 0
1075 0
1076 0
1077 0
1078 0
1079 0
1080 1
1081 0
1082 1
1083 0
1084 0
1085 0
1086 0
1087 0
1088 0
1089 1
1090 0
1091 0
1092 0
1093 0
1094 2
1095 0
1096 0
1097 1
1098 0
1099 0
1100 0
1101 1
1102 0
1103 1
1104 0
1105 0
1106 0
1107 0
1108 0
1109 0
1110 0
1111 0
1112 0
1113 0
1114 1
1115 0
1116 1
1117 1
1118 0
1119 0
1120 0
1121 0
1122 0
1123 0
1124 0
1125 0
1126 0
1127 1
1128 1
1129 0
1130 0
1131 0
1132 1
1133 1
1134 2
1135 2
1136 0
1137 0
1138 0
1139 2
1140 0
1141 0
1142 0
1143 0
1144 0
1145 0
1146 0
1147 0
1148 1
1149 0
1150 0
1151 0
1152 1
1153 1
1154 0
1155 0
1156 0
1157 1
1158 1
1159 1
1160 1
1161 1
1162 1
1163 1
1164 1
1165 1
1166 2
1167 2
1168 0
1169 0
1170 1
1171 0
1172 0
1173 1
1174 1
1175 0
1176 1
1177 0
1178 1
1179 0
1180 1
1181 1
1182 1
1183 0
1184 0
1185 0
1186 0
1187 2
1188 0
1189 0
1190 0
1191 0
1192 0
1193 1
1194 1
1195 1
1196 0
1197 1
1198 0
1199 0
1200 0
1201 1
1202 1
1203 1
1204 1
1205 1
1206 1
1207 2
1208 1
1209 1
1210 1
1211 1
1212 1
1213 1
1214 1
1215 1
1216 2
1217 0
1218 1
1219 1
1220 0
1221 1
1222 0
1223 0
1224 0
1225 0
1226 1
1227 1
1228 1
1229 0
1230 1
1231 1
1232 0
1233 0
1234 0
1235 1
1236 1
1237 1
1238 0
1239 2
1240 0
1241 0
1242 0
1243 1
1244 0
1245 0
1246 1
1247 0
1248 0
1249 1
1250 0
1251 0
1252 0
1253 2
1254 0
1255 0
1256 1
1257 1
1258 0
1259 1
1260 0
1261 0
1262 0
1263 1
1264 0
1265 1
1266 1
1267 0
1268 1
1269 2
1270 0
1271 2
1272 0
1273 1
1274 1
1275 1
1276 2
1277 1
1278 1
1279 0
1280 0
1281 0
1282 0
1283 0
1284 0
1285 0
1286 1
1287 0
1288 0
1289 0
1290 0
1291 0
1292 0
1293 0
1294 0
1295 0
1296 0
1297 0
1298 0
1299 0
1300 0
1301 1
1302 0
1303 1
1304 1
1305 2
1306 1
1307 1
1308 0
1309 1
1310 1
1311 0
1312 1
1313 1
1314 1
1315 1
1316 1
1317 1
1318 1
1319 1
1320 1
1321 1
1322 1
1323 1
1324 1
1325 1
1326 2
1327 1
1328 1
1329 1
1330 2
1331 0
1332 0
1333 1
1334 0
1335 2
1336 1
1337 1
1338 0
1339 0
1340 1
1341 0
1342 1
1343 1
1344 0
1345 1
1346 0
1347 2
1348 0
1349 1
1350 1
1351 1
1352 1
1353 1
1354 1
1355 1
1356 1
1357 0
1358 1
1359 1
1360 1
1361 0
1362 1
1363 1
1364 0
1365 1
1366 0
1367 1
1368 1
1369 0
1370 2
1371 0
1372 1
1373 1
1374 3
1375 0
1376 1
1377 1
1378 1
1379 1
1380 1
1381 1
1382 2
1383 1
1384 1
1385 0
1386 0
1387 1
1388 0
1389 0
1390 0
1391 1
1392 1
1393 0
1394 0
1395 0
1396 2
1397 2
1398 0
1399 0
1400 0
1401 0
1402 0
1403 1
1404 0
1405 0
1406 0
1407 0
1408 0
1409 0
1410 1
1411 1
1412 1
1413 2
1414 0
1415 1
1416 0
1417 2
1418 0
1419 0
1420 0
1421 1
1422 0
1423 0
1424 0
1425 1
1426 1
1427 0
1428 1
1429 1
1430 0
1431 0
1432 1
1433 0
1434 0
1435 0
1436 0
1437 0
1438 0
1439 0
1440 0
1441 0
1442 0
1443 0
1444 1
1445 0
1446 0
1447 0
1448 0
1449 0
1450 0
1451 0
1452 0
1453 0
1454 0
1455 1
1456 0
1457 0
1458 0
1459 0
1460 1
1461 0
1462 0
1463 1
1464 1
1465 1
1466 0
1467 1
1468 0
1469 1
1470 0
1471 0
1472 0
1473 0
1474 1
1475 0
1476 2
1477 3
1478 1
1479 0
1480 1
1481 2
1482 2
1483 2
1484 1
1485 3
1486 0
1487 1
1488 0
1489 0
1490 0
1491 1
1492 0
1493 0
1494 0
1495 0
1496 0
1497 0
1498 1
1499 0
1500 1
1501 0
1502 0
1503 0
1504 1
1505 0
1506 1
1507 0
1508 0
1509 0
1510 0
1511 1
1512 0
1513 1
1514 3
1515 1
1516 2
1517 2
1518 0
1519 2
1520 1
1521 2
1522 2
1523 2
1524 2
1525 2
1526 2
1527 1
1528 2
1529 2
1530 2
1531 3
1532 2
1533 2
1534 0
1535 1
1536 2
1537 0
1538 2
1539 1
1540 2
1541 2
1542 2
1543 0
1544 0
1545 0
1546 0
1547 0
1548 0
1549 0
1550 0
1551 0
1552 0
1553 0
1554 0
1555 0
1556 0
1557 0
1558 1
1559 0
1560 0
1561 0
1562 0
1563 1
1564 0
1565 0
1566 0
1567 0
1568 1
1569 1
1570 0
1571 0
1572 0
1573 0
1574 1
1575 0
1576 0
1577 0
1578 0
1579 2
1580 0
1581 1
1582 0
1583 0
1584 0
1585 0
1586 1
1587 1
1588 0
1589 2
1590 1
1591 1
1592 0
1593 0
1594 1
1595 1
1596 0
1597 1
1598 0
1599 1
1600 0
1601 0
1602 0
1603 0
1604 0
1605 0
1606 0
1607 1
1608 0
1609 2
1610 1
1611 0
1612 0
1613 0
1614 0
1615 0
1616 0
1617 0
1618 1
1619 0
1620 1
1621 0
1622 0
1623 0
1624 0
1625 0
1626 0
1627 0
1628 1
1629 0
1630 0
1631 1
1632 0
1633 0
1634 1
1635 0
1636 0
1637 0
1638 0
1639 0
1640 0
1641 1
1642 0
1643 0
1644 0
1645 0
1646 1
1647 0
1648 0
1649 1
1650 0
1651 0
1652 1
1653 1
1654 0
1655 0
1656 0
1657 0
1658 0
1659 0
1660 0
1661 0
1662 0
1663 1
1664 0
1665 0
1666 0
1667 0
1668 0
1669 0
1670 0
1671 0
1672 1
1673 0
1674 0
1675 0
1676 0
1677 0
1678 0
1679 0
1680 0
1681 0
1682 1
1683 0
1684 0
1685 0
1686 0
1687 0
1688 0
1689 0
1690 0
1691 0
1692 0
1693 0
1694 0
1695 0
1696 0
1697 0
1698 0
1699 0
1700 0
1701 0
1702 1
1703 0
1704 0
1705 1
1706 0
1707 0
1708 0
1709 0
1710 0
1711 2
1712 0
1713 0
1714 0
1715 0
1716 1
1717 0
1718 0
1719 1
1720 0
1721 0
1722 0
1723 1
1724 0
1725 2
1726 0
1727 0
1728 1
1729 0
1730 1
1731 0
1732 1
1733 0
1734 0
1735 0
1736 0
1737 0
1738 0
1739 0
1740 0
1741 1
1742 0
1743 0
1744 0
1745 0
1746 0
1747 0
1748 0
1749 1
1750 0
1751 1
1752 1
1753 0
1754 0
1755 0
1756 0
1757 0
1758 1
1759 1
1760 0
1761 0
1762 0
1763 0
1764 1
1765 1
1766 1
1767 0
1768 0
1769 0
1770 1
1771 0
1772 0
1773 1
1774 0
1775 0
1776 0
1777 1
1778 0
1779 0
1780 0
1781 1
1782 1
1783 1
1784 2
1785 1
1786 0
1787 0
1788 0
1789 0
1790 0
1791 0
1792 1
1793 0
1794 0
1795 0
1796 1
1797 0
1798 0
1799 0
1800 0
1801 0
1802 0
1803 0
1804 1
1805 1
1806 0
1807 0
1808 0
1809 1
1810 0
1811 0
1812 0
1813 0
1814 1
1815 0
1816 0
1817 0
1818 0
1819 0
1820 1
1821 0
1822 0
1823 0
1824 1
1825 0
1826 0
1827 1
1828 3
1829 2
1830 2
1831 2
1832 2
1833 2
1834 2
1835 2
1836 1
1837 2
1838 2
1839 1
1840 1
1841 2
1842 2
1843 1
1844 3
1845 2
1846 3
1847 1
1848 1
1849 1
1850 1
1851 2
1852 2
1853 2
1854 2
1855 1
1856 2
1857 3
1858 2
1859 1
1860 2
1861 2
1862 2
1863 2
1864 3
1865 2
1866 2
1867 2
1868 2
1869 0
1870 2
1871 2
1872 1
1873 2
1874 2
1875 2
1876 2
1877 2
1878 1
1879 1
1880 1
1881 2
1882 2
1883 2
1884 2
1885 2
1886 3
1887 2
1888 2
1889 0
1890 2
1891 2
1892 2
1893 2
1894 1
1895 3
1896 1
1897 2
1898 1
1899 1
1900 1
1901 2
1902 0
1903 1
1904 1
1905 2
1906 3
1907 1
1908 2
1909 2
1910 0
1911 2
1912 0
1913 1
1914 0
1915 2
1916 2
1917 1
1918 2
1919 0
1920 2
1921 0
1922 2
1923 2
1924 3
1925 2
1926 2
1927 2
1928 2
1929 1
1930 0
1931 2
1932 2
1933 2
1934 1
1935 2
1936 3
1937 0
1938 1
1939 0
1940 2
1941 0
1942 1
1943 0
1944 0
1945 0
1946 1
1947 0
1948 1
1949 1
1950 0
1951 2
1952 2
1953 1
1954 1
1955 1
1956 2
1957 0
1958 0
1959 1
1960 0
1961 1
1962 0
1963 0
1964 1
1965 0
1966 1
1967 1
1968 0
1969 0
1970 0
1971 0
1972 0
1973 0
1974 0
1975 0
1976 1
1977 0
1978 0
1979 0
1980 0
1981 0
1982 0
1983 0
1984 1
1985 0
1986 0
1987 0
1988 0
1989 1
1990 0
1991 1
1992 0
1993 0
1994 0
1995 0
1996 0
1997 0
1998 0
1999 0
2000 1
2001 0
2002 0
2003 0
2004 0
2005 0
2006 0
2007 0
2008 0
2009 0
2010 0
2011 1
2012 0
2013 1
2014 1
2015 2
2016 1
2017 0
2018 0
2019 0
2020 0
2021 0
2022 0
2023 1
2024 1
2025 0
2026 1
2027 0
2028 0
2029 0
2030 0
2031 0
2032 0
2033 0
2034 0
2035 0
2036 1
2037 1
2038 0
2039 0
2040 1
2041 0
2042 1
2043 1
2044 2
2045 0
2046 1
2047 0
2048 0
2049 0
2050 0
2051 1
2052 0
2053 2
2054 0
2055 1
2056 0
2057 0
2058 0
2059 1
2060 0
2061 0
2062 0
2063 0
2064 0
2065 0
2066 0
2067 0
2068 0
2069 1
2070 0
2071 1
2072 2
2073 1
2074 0
2075 0
2076 0
2077 0
2078 0
2079 0
2080 0
2081 0
2082 0
2083 1
2084 0
2085 1
2086 0
2087 0
2088 0
2089 0
2090 0
2091 0
2092 0
2093 0
2094 0
2095 0
2096 0
2097 1
2098 1
2099 0
2100 0
2101 0
2102 0
2103 0
2104 1
2105 1
2106 0
2107 1
2108 0
2109 0
2110 1
2111 1
2112 0
2113 0
2114 0
2115 0
2116 0
2117 0
2118 0
2119 0
2120 0
2121 0
2122 0
2123 0
2124 0
2125 0
2126 0
2127 0
2128 0
2129 0
2130 0
2131 0
2132 0
2133 0
2134 0
2135 0
2136 0
2137 0
2138 1
2139 0
2140 0
2141 0
2142 0
2143 1
2144 0
2145 0
2146 0
2147 0
2148 0
2149 0
2150 0
2151 0
2152 0
2153 0
2154 1
2155 0
2156 0
2157 0
2158 0
2159 0
2160 0
2161 0
2162 0
2163 0
2164 0
2165 1
2166 0
2167 0
2168 0
2169 0
2170 1
2171 0
2172 0
2173 1
2174 0
2175 0
2176 2
2177 0
2178 0
2179 1
2180 0
2181 0
2182 0
2183 0
2184 0
2185 0
2186 1
2187 0
2188 0
2189 0
2190 2
2191 0
2192 1
2193 0
2194 2
2195 0
2196 0
2197 1
2198 1
2199 1
2200 1
2201 2
2202 1
2203 1
2204 1
2205 0
2206 1
2207 1
2208 0
2209 2
2210 1
2211 2
2212 0
2213 0
2214 0
2215 0
2216 0
2217 0
2218 1
2219 0
2220 0
2221 0
2222 0
2223 0
2224 0
2225 0
2226 0
2227 0
2228 0
2229 0
2230 0
2231 0
2232 0
2233 0
2234 0
2235 0
2236 0
2237 1
2238 0
2239 1
2240 0
2241 0
2242 0
2243 0
2244 0
2245 0
2246 1
2247 0
2248 0
2249 0
2250 0
2251 0
2252 0
2253 0
2254 1
2255 1
2256 0
2257 0
2258 0
2259 0
2260 0
2261 1
2262 0
2263 0
2264 0
2265 0
2266 1
2267 0
2268 0
2269 0
2270 0
2271 0
2272 0
2273 2
2274 0
2275 0
2276 0
2277 1
2278 1
2279 0
2280 0
2281 0
2282 0
2283 1
2284 0
2285 0
2286 0
2287 0
2288 0
2289 0
2290 0
2291 0
2292 0
2293 0
2294 0
2295 0
2296 0
2297 0
2298 0
2299 0
2300 0
2301 0
2302 0
2303 1
2304 0
2305 1
2306 1
2307 0
2308 0
2309 0
2310 2
2311 0
2312 1
2313 0
2314 0
2315 0
2316 0
2317 0
2318 0
2319 1
2320 1
2321 0
2322 1
2323 1
2324 0
2325 2
2326 0
2327 0
2328 0
2329 0
2330 0
2331 0
2332 0
2333 1
2334 0
2335 0
2336 0
2337 0
2338 0
2339 0
2340 0
2341 0
2342 1
2343 0
2344 0
2345 0
2346 0
2347 0
2348 0
2349 0
2350 0
2351 0
2352 1
2353 1
2354 0
2355 0
2356 1
2357 0
2358 0
2359 1
2360 0
2361 2
2362 1
2363 1
2364 1
2365 1
2366 0
2367 1
2368 0
2369 1
2370 1
2371 1
2372 1
2373 0
2374 0
2375 1
2376 1
2377 0
2378 0
2379 1
2380 0
2381 0
2382 0
2383 0
2384 0
2385 0
2386 0
2387 2
2388 0
2389 0
2390 0
2391 0
2392 0
2393 0
2394 0
2395 0
2396 0
2397 0
2398 0
2399 0
2400 0
2401 0
2402 0
2403 0
2404 0
2405 0
2406 0
2407 0
2408 0
2409 0
2410 0
2411 0
2412 1
2413 2
2414 1
2415 0
2416 1
2417 0
2418 0
2419 1
2420 0
2421 1
2422 1
2423 0
2424 0
2425 0
2426 1
2427 0
2428 0
2429 1
2430 0
2431 0
2432 0
2433 1
2434 0
2435 0
2436 2
2437 1
2438 0
2439 1
2440 1
2441 0
2442 1
2443 0
2444 0
2445 0
2446 0
2447 2
2448 1
2449 0
2450 0
2451 0
2452 1
2453 0
2454 2
2455 0
2456 1
2457 1
2458 0
2459 0
2460 0
2461 0
2462 0
2463 2
2464 0
2465 0
2466 0
2467 0
2468 0
2469 1
2470 0
2471 0
2472 0
2473 0
2474 1
2475 3
2476 0
2477 0
2478 1
2479 0
2480 1
2481 1
2482 0
2483 0
2484 0
2485 0
2486 0
2487 0
2488 1
2489 0
2490 0
2491 0
2492 1
2493 0
2494 1
2495 0
2496 0
2497 0
2498 0
2499 0
2500 0
2501 1
2502 0
2503 0
2504 0
2505 1
2506 1
2507 0
2508 1
2509 3
2510 2
2511 1
2512 2
2513 2
2514 2
2515 2
2516 2
2517 0
2518 0
2519 2
2520 0
2521 2
2522 0
2523 0
2524 1
2525 0
2526 0
2527 0
2528 1
2529 0
2530 0
2531 0
2532 0
2533 0
2534 1
2535 2
2536 0
2537 0
2538 1
2539 0
2540 0
2541 0
2542 0
2543 0
2544 1
2545 0
2546 0
2547 1
2548 1
2549 1
2550 0
2551 0
2552 0
2553 0
2554 0
2555 0
2556 2
2557 0
2558 0
2559 0
2560 0
2561 1
2562 0
2563 0
2564 0
2565 0
2566 0
2567 0
2568 0
2569 0
2570 0
2571 0
2572 0
2573 0
2574 0
2575 1
2576 0
2577 1
2578 0
2579 0
2580 1
2581 0
2582 0
2583 2
2584 2
2585 2
2586 2
2587 0
2588 0
2589 1
2590 1
2591 1
2592 0
2593 1
2594 0
2595 2
2596 0
2597 0
2598 0
2599 0
2600 0
2601 0
2602 0
2603 0
2604 1
2605 1
2606 0
2607 0
2608 0
2609 0
2610 0
2611 1
2612 0
2613 0
2614 0
2615 1
2616 1
2617 0
2618 1
2619 0
2620 0
2621 0
2622 0
2623 0
2624 0
2625 0
2626 0
2627 0
2628 0
2629 1
2630 0
2631 0
2632 0
2633 1
2634 0
2635 0
2636 0
2637 0
2638 0
2639 0
2640 1
2641 0
2642 0
2643 0
2644 0
2645 0
2646 0
2647 0
2648 1
2649 0
2650 0
2651 0
2652 1
2653 1
2654 0
2655 0
2656 1
2657 0
2658 0
2659 0
2660 0
2661 0
2662 0
2663 0
2664 0
2665 1
2666 1
2667 1
2668 1
2669 1
2670 0
2671 0
2672 0
2673 0
2674 1
2675 1
2676 0
2677 0
2678 0
2679 0
2680 0
2681 1
2682 0
2683 1
2684 0
2685 0
2686 0
2687 0
2688 0
2689 1
2690 0
2691 0
2692 0
2693 0
2694 0
2695 0
2696 0
2697 0
2698 1
2699 0
2700 0
2701 2
2702 0
2703 0
2704 1
2705 1
2706 0
2707 1
2708 1
2709 0
2710 0
2711 1
2712 0
2713 0
2714 0
2715 0
2716 0
2717 0
2718 0
2719 0
2720 0
2721 0
2722 0
2723 0
2724 0
2725 0
2726 0
2727 0
2728 0
2729 0
2730 0
2731 0
2732 0
2733 0
2734 0
2735 1
2736 0
2737 0
2738 0
2739 0
2740 0
2741 0
2742 1
2743 1
2744 1
2745 0
2746 0
2747 0
2748 1
2749 0
2750 0
2751 1
2752 0
2753 0
2754 0
2755 0
2756 0
2757 0
2758 0
2759 0
2760 0
2761 0
2762 1
2763 0
2764 0
2765 1
2766 0
2767 0
2768 0
2769 1
2770 1
2771 0
2772 0
2773 0
2774 0
2775 0
2776 0
2777 0
2778 0
2779 0
2780 0
2781 0
2782 0
2783 0
2784 0
2785 0
2786 1
2787 2
2788 0
2789 1
2790 0
2791 1
2792 0
2793 0
2794 0
2795 0
2796 1
2797 0
2798 0
2799 1
2800 0
2801 0
2802 0
2803 2
2804 0
2805 0
2806 0
2807 0
2808 1
2809 0
2810 0
2811 1
2812 0
2813 0
2814 0
2815 0
2816 0
2817 0
2818 1
2819 0
2820 0
2821 0
2822 0
2823 0
2824 0
2825 0
2826 0
2827 0
2828 1
2829 0
2830 1
2831 0
2832 0
2833 0
2834 0
2835 0
2836 1
2837 1
2838 2
2839 1
2840 0
2841 0
2842 0
2843 2
2844 0
2845 0
2846 0
2847 0
2848 0
2849 0
2850 0
2851 2
2852 2
2853 0
2854 0
2855 0
2856 0
2857 0
2858 0
2859 1
2860 0
2861 0
2862 0
2863 1
2864 1
2865 0
2866 1
2867 0
2868 0
2869 0
2870 0
2871 1
2872 1
2873 0
2874 0
2875 0
2876 0
2877 0
2878 0
2879 0
2880 0
2881 0
2882 0
2883 0
2884 0
2885 1
2886 0
2887 0
2888 1
2889 0
2890 0
2891 0
2892 0
2893 1
2894 0
2895 0
2896 0
2897 0
2898 0
2899 0
2900 0
2901 1
2902 0
2903 0
2904 0
2905 0
2906 0
2907 2
2908 0
2909 2
2910 0
2911 0
2912 0
2913 1
2914 0
2915 0
2916 1
2917 1
2918 1
2919 0
2920 0
2921 0
2922 0
2923 0
2924 0
2925 1
2926 0
2927 0
2928 0
2929 0
2930 0
2931 0
2932 0
2933 0
2934 0
2935 0
2936 0
2937 0
2938 0
2939 0
2940 0
2941 0
2942 0
2943 0
2944 0
2945 1
2946 0
2947 0
2948 0
2949 0
2950 0
2951 0
2952 0
2953 0
2954 1
2955 0
2956 0
2957 1
2958 0
2959 0
2960 1
2961 0
2962 1
2963 0
2964 0
2965 0
2966 0
2967 0
2968 1
2969 0
2970 0
2971 0
2972 0
2973 0
2974 0
2975 1
2976 0
2977 1
2978 1
2979 0
2980 0
2981 2
2982 1
2983 0
2984 0
2985 0
2986 0
2987 0
2988 1
2989 0
2990 0
2991 2
2992 0
2993 0
2994 0
2995 0
2996 0
2997 0
2998 0
2999 0
3000 1
3001 1
3002 1
3003 1
3004 0
3005 0
3006 0
3007 0
3008 1
3009 0
3010 0
3011 0
3012 0
3013 0
3014 1
3015 0
3016 0
3017 0
3018 0
3019 1
3020 0
3021 0
3022 1
3023 0
3024 1
3025 2
3026 0
3027 0
3028 2
3029 0
3030 0
3031 0
3032 1
3033 0
3034 1
3035 0
3036 2
3037 2
3038 0
3039 0
3040 0
3041 0
3042 1
3043 0
3044 0
3045 0
3046 0
3047 0
3048 0
3049 1
3050 3
3051 0
3052 1
3053 0
3054 0
3055 0
3056 0
3057 0
3058 0
3059 0
3060 1
3061 0
3062 0
3063 0
3064 0
3065 0
3066 0
3067 0
3068 0
3069 0
3070 0
3071 1
3072 0
3073 0
3074 1
3075 0
3076 0
3077 0
3078 2
3079 0
3080 0
3081 0
3082 1
3083 0
3084 1
3085 2
3086 0
3087 0
3088 0
3089 0
3090 0
3091 0
3092 0
3093 0
3094 1
3095 0
3096 1
3097 0
3098 1
3099 0
3100 2
3101 1
3102 2
3103 1
3104 0
3105 0
3106 0
3107 0
3108 0
3109 0
3110 0
3111 0
3112 1
3113 0
3114 0
3115 0
3116 0
3117 0
3118 1
3119 0
3120 0
3121 0
3122 0
3123 0
3124 1
3125 0
3126 1
3127 0
3128 1
3129 0
3130 0
3131 0
3132 0
3133 1
3134 0
3135 1
3136 0
3137 1
3138 0
3139 0
3140 0
3141 0
3142 1
3143 0
3144 1
3145 0
3146 0
3147 0
3148 1
3149 0
3150 0
3151 0
3152 0
3153 1
3154 0
3155 0
3156 0
3157 0
3158 0
3159 0
3160 1
3161 0
3162 1
3163 0
3164 0
3165 0
3166 0
3167 0
3168 0
3169 0
3170 0
3171 0
3172 0
3173 0
3174 0
3175 0
3176 1
3177 0
3178 0
3179 0
3180 0
3181 1
3182 1
3183 0
3184 0
3185 2
3186 0
3187 2
3188 1
3189 0
3190 0
3191 0
3192 0
3193 0
3194 0
3195 0
3196 0
3197 0
3198 0
3199 0
3200 0
3201 0
3202 1
3203 0
3204 0
3205 1
3206 0
3207 0
3208 0
3209 0
3210 0
3211 0
3212 1
3213 1
3214 0
3215 0
3216 1
3217 0
3218 0
3219 0
3220 1
3221 0
3222 0
3223 0
3224 0
3225 1
3226 0
3227 0
3228 0
3229 0
3230 0
3231 0
3232 0
3233 0
3234 0
3235 1
3236 0
3237 0
3238 0
3239 0
3240 1
3241 0
3242 0
3243 2
3244 0
3245 0
3246 0
3247 0
3248 1
3249 0
3250 0
3251 1
3252 0
3253 3
3254 0
3255 2
3256 1
3257 0
3258 0
3259 0
3260 0
3261 1
3262 1
3263 1
3264 0
3265 1
3266 1
3267 0
3268 0
3269 1
3270 0
3271 1
3272 0
3273 0
3274 0
3275 0
3276 0
3277 0
3278 0
3279 0
3280 0
3281 2
3282 0
3283 0
3284 1
3285 1
3286 1
3287 0
3288 1
3289 0
3290 1
3291 0
3292 1
3293 0
3294 0
3295 0
3296 0
3297 0
3298 1
3299 1
3300 0
3301 0
3302 0
3303 1
3304 0
3305 0
3306 1
3307 0
3308 0
3309 1
3310 0
3311 0
3312 0
3313 0
3314 0
3315 0
3316 1
3317 0
3318 0
3319 0
3320 0
3321 0
3322 0
3323 0
3324 1
3325 1
3326 2
3327 0
3328 1
3329 0
3330 0
3331 0
3332 0
3333 2
3334 2
3335 1
3336 0
3337 2
3338 0
3339 0
3340 0
3341 0
3342 0
3343 0
3344 2
3345 0
3346 0
3347 0
3348 0
3349 0
3350 0
3351 0
3352 0
3353 0
3354 0
3355 1
3356 0
3357 0
3358 0
3359 0
3360 0
3361 0
3362 1
3363 0
3364 0
3365 0
3366 0
3367 0
3368 0
3369 0
3370 0
3371 0
3372 0
3373 1
3374 0
3375 0
3376 0
3377 0
3378 0
3379 0
3380 1
3381 0
3382 1
3383 0
3384 0
3385 1
3386 0
3387 1
3388 0
3389 0
3390 0
3391 0
3392 0
3393 0
3394 0
3395 0
3396 0
3397 0
3398 0
3399 1
3400 1
3401 0
3402 0
3403 0
3404 0
3405 0
3406 0
3407 0
3408 0
3409 0
3410 1
3411 0
3412 0
3413 0
3414 0
3415 0
3416 0
3417 0
3418 0
3419 0
3420 2
3421 1
3422 0
3423 0
3424 0
3425 1
3426 2
3427 0
3428 0
3429 0
3430 0
3431 0
3432 0
3433 0
3434 0
3435 0
3436 1
3437 1
3438 0
3439 2
3440 1
3441 1
3442 0
3443 0
3444 0
3445 0
3446 0
3447 1
3448 0
3449 0
3450 0
3451 0
3452 0
3453 0
3454 0
3455 0
3456 0
3457 2
3458 0
3459 0
3460 0
3461 0
3462 0
3463 0
3464 0
3465 0
3466 0
3467 1
3468 0
3469 0
3470 0
3471 0
3472 0
3473 1
3474 1
3475 0
3476 0
3477 0
3478 0
3479 0
3480 0
3481 0
3482 0
3483 0
3484 0
3485 0
3486 1
3487 0
3488 0
3489 0
3490 0
3491 1
3492 1
3493 1
3494 0
3495 0
3496 0
3497 1
3498 0
3499 0
3500 0
3501 0
3502 0
3503 0
3504 0
3505 1
3506 0
3507 0
3508 0
3509 0
3510 1
3511 0
3512 0
3513 1
3514 0
3515 0
3516 0
3517 1
3518 0
3519 0
3520 0
3521 0
3522 0
3523 0
3524 1
3525 0
3526 1
3527 0
3528 0
3529 0
3530 0
3531 0
3532 0
3533 0
3534 0
3535 1
3536 0
3537 0
3538 1
3539 0
3540 0
3541 0
3542 0
3543 0
3544 1
3545 0
3546 0
3547 0
3548 0
3549 1
3550 1
3551 1
3552 0
3553 0
3554 0
3555 0
3556 1
3557 0
3558 0
3559 0
3560 0
3561 0
3562 1
3563 0
3564 0
3565 0
3566 0
3567 0
3568 1
3569 1
3570 1
3571 0
3572 0
3573 0
3574 0
3575 0
3576 0
3577 0
3578 0
3579 0
3580 0
3581 1
3582 0
3583 1
3584 0
3585 0
3586 0
3587 0
3588 0
3589 0
3590 0
3591 0
3592 0
3593 0
3594 0
3595 0
3596 0
3597 0
3598 0
3599 0
3600 0
3601 0
3602 0
3603 0
3604 0
3605 1
3606 0
3607 0
3608 0
3609 0
3610 0
3611 0
3612 0
3613 0
3614 0
3615 0
3616 0
3617 0
3618 0
3619 0
3620 1
3621 1
3622 0
3623 0
3624 0
3625 0
3626 0
3627 0
3628 0
3629 0
3630 0
3631 0
3632 0
3633 0
3634 1
3635 1
3636 0
3637 0
3638 1
3639 0
3640 0
3641 3
3642 0
3643 0
3644 0
3645 1
3646 1
3647 2
3648 0
3649 1
3650 0
3651 2
3652 0
3653 0
3654 1
3655 0
3656 1
3657 0
3658 1
3659 0
3660 1
3661 0
3662 0
3663 1
3664 0
3665 0
3666 0
3667 1
3668 0
3669 1
3670 2
3671 0
3672 0
3673 2
3674 3
3675 1
3676 3
3677 1
3678 0
3679 1
3680 1
3681 1
3682 1
3683 0
3684 1
3685 0
3686 0
3687 0
3688 0
3689 1
3690 0
3691 1
3692 0
3693 0
3694 0
3695 0
3696 0
3697 0
3698 0
3699 1
3700 2
3701 0
3702 0
3703 0
3704 0
3705 0
3706 0
3707 0
3708 0
3709 0
3710 1
3711 0
3712 0
3713 0
3714 1
3715 0
3716 0
3717 0
3718 0
3719 0
3720 0
3721 0
3722 0
3723 0
3724 0
3725 0
3726 0
3727 0
3728 2
3729 0
3730 0
3731 0
3732 0
3733 0
3734 0
3735 0
3736 1
3737 0
3738 0
3739 0
3740 0
3741 0
3742 0
3743 0
3744 0
3745 0
3746 1
3747 0
3748 1
3749 0
3750 0
3751 0
3752 0
3753 1
3754 0
3755 2
3756 0
3757 1
3758 1
3759 2
3760 2
3761 2
3762 2
3763 1
3764 3
3765 0
3766 0
3767 1
3768 0
3769 0
3770 1
3771 0
3772 0
3773 0
3774 2
3775 0
3776 0
3777 0
3778 2
3779 0
3780 0
3781 0
3782 0
3783 0
3784 0
3785 0
3786 0
3787 0
3788 1
3789 0
3790 1
3791 0
3792 2
3793 0
3794 0
3795 0
3796 0
3797 0
3798 1
3799 1
3800 0
3801 0
3802 0
3803 1
3804 0
3805 0
3806 2
3807 0
3808 0
3809 0
3810 0
3811 0
3812 0
3813 0
3814 0
3815 0
3816 1
3817 0
3818 0
3819 1
3820 0
3821 0
3822 1
3823 1
3824 0
3825 0
3826 0
3827 1
3828 1
3829 1
3830 2
3831 1
3832 2
3833 2
3834 1
3835 3
3836 2
3837 1
3838 1
3839 1
3840 4
3841 0
3842 1
3843 0
3844 0
3845 1
3846 1
3847 3
3848 1
3849 0
3850 0
3851 0
3852 0
3853 0
3854 1
3855 0
3856 0
3857 0
3858 0
3859 1
3860 0
3861 1
3862 0
3863 1
3864 0
3865 0
3866 0
3867 0
3868 0
3869 0
3870 0
3871 0
3872 0
3873 0
3874 0
3875 0
3876 0
3877 0
3878 1
3879 0
3880 0
3881 0
3882 0
3883 0
3884 0
3885 0
3886 0
3887 0
3888 0
3889 1
3890 0
3891 0
3892 1
3893 0
3894 0
3895 0
3896 0
3897 0
3898 0
3899 0
3900 0
3901 0
3902 0
3903 1
3904 0
3905 0
3906 1
3907 0
3908 0
3909 0
3910 0
3911 0
3912 0
3913 0
3914 0
3915 0
3916 0
3917 0
3918 0
3919 0
3920 0
3921 1
3922 0
3923 1
3924 0
3925 0
3926 0
3927 0
3928 0
3929 0
3930 0
3931 0
3932 1
3933 1
3934 1
3935 0
3936 0
3937 1
3938 0
3939 0
3940 0
3941 0
3942 0
3943 0
3944 0
3945 0
3946 0
3947 0
3948 0
3949 0
3950 0
3951 0
3952 1
3953 0
3954 0
3955 1
3956 0
3957 2
3958 0
3959 0
3960 1
3961 0
3962 0
3963 1
3964 0
3965 0
3966 0
3967 0
3968 0
3969 0
3970 0
3971 0
3972 0
3973 1
3974 1
3975 0
3976 0
3977 0
3978 0
3979 1
3980 0
3981 0
3982 0
3983 0
3984 0
3985 0
3986 0
3987 1
3988 0
3989 0
3990 1
3991 1
3992 0
3993 0
3994 0
3995 1
3996 0
3997 0
3998 0
3999 1
4000 1
4001 0
4002 0
4003 0
4004 0
4005 0
4006 0
4007 0
4008 1
4009 0
4010 0
4011 0
4012 0
4013 1
4014 0
4015 0
4016 1
4017 0
4018 0
4019 1
4020 0
4021 0
4022 0
4023 0
4024 0
4025 0
4026 0
4027 0
4028 1
4029 0
4030 0
4031 1
4032 1
4033 0
4034 0
4035 0
4036 0
4037 0
4038 0
4039 0
4040 2
4041 1
4042 0
4043 1
4044 0
4045 0
4046 0
4047 1
4048 0
4049 0
4050 0
4051 1
4052 0
4053 0
4054 0
4055 0
4056 1
4057 0
4058 0
4059 0
4060 1
4061 0
4062 0
4063 0
4064 0
4065 0
4066 1
4067 0
4068 0
4069 1
4070 0
4071 0
4072 0
4073 1
4074 1
4075 0
4076 0
4077 0
4078 0
4079 0
4080 0
4081 1
4082 1
4083 1
4084 1
4085 0
4086 0
4087 0
4088 0
4089 0
4090 0
4091 0
4092 1
4093 0
4094 0
4095 0
4096 0
4097 1
4098 0
4099 0
4100 0
4101 1
4102 0
4103 0
4104 0
4105 0
4106 1
4107 1
4108 0
4109 0
4110 2
4111 1
4112 0
4113 1
4114 1
4115 0
4116 1
4117 2
4118 1
4119 0
4120 1
4121 0
4122 1
4123 1
4124 0
4125 0
4126 0
4127 0
4128 2
4129 1
4130 0
4131 0
4132 0
4133 1
4134 1
4135 0
4136 1
4137 0
4138 3
4139 0
4140 0
4141 0
4142 0
4143 0
4144 0
4145 0
4146 0
4147 0
4148 1
4149 1
4150 1
4151 1
4152 0
4153 0
4154 1
4155 0
4156 0
4157 0
4158 0
4159 2
4160 0
4161 0
4162 0
4163 0
4164 0
4165 0
4166 1
4167 0
4168 1
4169 1
4170 0
4171 0
4172 0
4173 1
4174 0
4175 1
4176 1
4177 0
4178 0
4179 0
4180 0
4181 1
4182 0
4183 0
4184 0
4185 0
4186 1
4187 0
4188 0
4189 2
4190 0
4191 1
4192 2
4193 0
4194 0
4195 0
4196 0
4197 0
4198 0
4199 1
4200 0
4201 1
4202 2
4203 1
4204 0
4205 0
4206 0
4207 1
4208 0
4209 0
4210 1
4211 1
4212 2
4213 0
4214 0
4215 0
4216 0
4217 0
4218 0
4219 1
4220 1
4221 1
4222 0
4223 0
4224 0
4225 1
4226 0
4227 0
4228 0
4229 0
4230 0
4231 0
4232 1
4233 1
4234 0
4235 0
4236 0
4237 0
4238 0
4239 0
4240 1
4241 0
4242 0
4243 0
4244 0
4245 0
4246 1
4247 0
4248 3
4249 2
4250 1
4251 1
4252 1
4253 2
4254 1
4255 2
4256 2
4257 2
4258 2
4259 2
4260 3
4261 2
4262 2
4263 3
4264 1
4265 1
4266 3
4267 1
4268 2
4269 3
4270 1
4271 1
4272 1
4273 1
4274 1
4275 2
4276 2
4277 2
4278 2
4279 2
4280 2
4281 1
4282 3
4283 2
4284 1
4285 2
4286 2
4287 3
4288 2
4289 0
4290 1
4291 2
4292 1
4293 2
4294 2
4295 0
4296 1
4297 1
4298 1
4299 0
4300 0
4301 1
4302 0
4303 1
4304 1
4305 0
4306 0
4307 1
4308 0
4309 0
4310 0
4311 2
4312 2
4313 2
4314 2
4315 2
4316 2
4317 2
4318 2
4319 2
4320 2
4321 1
4322 1
4323 0
4324 0
4325 0
4326 0
4327 0
4328 1
4329 0
4330 0
4331 1
4332 0
4333 0
4334 0
4335 1
4336 1
4337 0
4338 0
4339 0
4340 0
4341 0
4342 0
4343 0
4344 0
4345 0
4346 0
4347 0
4348 0
4349 0
4350 0
4351 1
4352 0
4353 0
4354 0
4355 0
4356 0
4357 0
4358 0
4359 0
4360 0
4361 1
4362 0
4363 0
4364 0
4365 1
4366 0
4367 0
4368 0
4369 0
4370 1
4371 1
4372 0
4373 0
4374 0
4375 0
4376 0
4377 0
4378 1
4379 2
4380 0
4381 0
4382 0
4383 0
4384 1
4385 0
4386 1
4387 1
4388 1
4389 0
4390 0
4391 0
4392 0
4393 0
4394 0
4395 0
4396 0
4397 0
4398 1
4399 0
4400 0
4401 1
4402 0
4403 2
4404 0
4405 1
4406 0
4407 1
4408 1
4409 0
4410 0
4411 0
4412 0
4413 0
4414 0
4415 1
4416 0
4417 0
4418 0
4419 0
4420 0
4421 0
4422 1
4423 0
4424 0
4425 1
4426 0
4427 3
4428 0
4429 0
4430 1
4431 0
4432 2
4433 0
4434 0
4435 0
4436 1
4437 0
4438 0
4439 0
4440 0
4441 0
4442 1
4443 2
4444 0
4445 0
4446 0
4447 0
4448 1
4449 0
4450 1
4451 0
4452 0
4453 0
4454 0
4455 0
4456 1
4457 1
4458 0
4459 0
4460 0
4461 0
4462 0
4463 0
4464 1
4465 1
4466 0
4467 0
4468 0
4469 0
4470 0
4471 0
4472 0
4473 0
4474 0
4475 0
4476 0
4477 1
4478 2
4479 0
4480 0
4481 1
4482 1
4483 0
4484 0
4485 2
4486 0
4487 0
4488 0
4489 1
4490 0
4491 0
4492 2
4493 0
4494 0
4495 0
4496 0
4497 0
4498 0
4499 0
4500 0
4501 0
4502 0
4503 0
4504 0
4505 0
4506 0
4507 0
4508 0
4509 0
4510 0
4511 0
4512 0
4513 1
4514 0
4515 0
4516 0
4517 0
4518 0
4519 0
4520 1
4521 0
4522 1
4523 1
4524 0
4525 1
4526 2
4527 0
4528 0
4529 0
4530 0
4531 2
4532 0
4533 0
4534 0
4535 0
4536 0
4537 1
4538 0
4539 1
4540 0
4541 0
4542 0
4543 1
4544 0
4545 0
4546 1
4547 0
4548 1
4549 0
4550 0
4551 0
4552 0
4553 0
4554 0
4555 0
4556 0
4557 0
4558 1
4559 0
4560 0
4561 0
4562 0
4563 0
4564 0
4565 0
4566 0
4567 0
4568 0
4569 0
4570 0
4571 0
4572 0
4573 1
4574 0
4575 0
4576 0
4577 0
4578 1
4579 0
4580 0
4581 0
4582 0
4583 0
4584 1
4585 1
4586 0
4587 2
4588 0
4589 1
4590 0
4591 0
4592 0
4593 0
4594 1
4595 0
4596 0
4597 0
4598 0
4599 0
4600 3
4601 1
4602 1
4603 1
4604 2
4605 2
4606 0
4607 0
4608 0
4609 0
4610 1
4611 1
4612 1
4613 0
4614 1
4615 0
4616 1
4617 1
4618 1
4619 0
4620 0
4621 1
4622 1
4623 1
4624 0
4625 1
4626 1
4627 1
4628 0
4629 0
4630 1
4631 1
4632 1
4633 1
4634 1
4635 1
4636 1
4637 1
4638 1
4639 1
4640 0
4641 2
4642 1
4643 2
4644 1
4645 1
4646 1
4647 1
4648 1
4649 2
4650 1
4651 1
4652 0
4653 1
4654 1
4655 2
4656 1
4657 0
4658 1
4659 1
4660 0
4661 0
4662 0
4663 0
4664 0
4665 1
4666 0
4667 1
4668 1
4669 1
4670 1
4671 1
4672 1
4673 0
4674 0
4675 1
4676 0
4677 0
4678 1
4679 0
4680 0
4681 0
4682 1
4683 0
4684 0
4685 1
4686 0
4687 0
4688 1
4689 0
4690 0
4691 0
4692 0
4693 0
4694 1
4695 0
4696 0
4697 1
4698 0
4699 0
4700 0
4701 0
4702 0
4703 2
4704 0
4705 0
4706 0
4707 1
4708 1
4709 0
4710 0
4711 0
4712 0
4713 0
4714 3
4715 0
4716 1
4717 0
4718 0
4719 0
4720 0
4721 0
4722 0
4723 0
4724 0
4725 0
4726 0
4727 0
4728 1
4729 2
4730 0
4731 0
4732 1
4733 1
4734 0
4735 1
4736 0
4737 0
4738 0
4739 1
4740 0
4741 0
4742 0
4743 0
4744 2
4745 0
4746 1
4747 0
4748 0
4749 0
4750 0
4751 1
4752 0
4753 0
4754 0
4755 1
4756 0
4757 0
4758 1
4759 0
4760 1
4761 1
4762 0
4763 1
4764 1
4765 0
4766 1
4767 0
4768 0
4769 0
4770 0
4771 0
4772 1
4773 1
4774 1
4775 1
4776 0
4777 0
4778 0
4779 1
4780 0
4781 0
4782 0
4783 0
4784 0
4785 0
4786 0
4787 0
4788 0
4789 0
4790 0
4791 0
4792 0
4793 0
4794 1
4795 0
4796 1
4797 0
4798 0
4799 0
4800 0
4801 0
4802 0
4803 1
4804 0
4805 0
4806 0
4807 0
4808 0
4809 1
4810 0
4811 1
4812 0
4813 0
4814 1
4815 0
4816 1
4817 0
4818 0
4819 1
4820 0
4821 1
4822 2
4823 2
4824 2
4825 1
4826 1
4827 1
4828 1
4829 0
4830 1
4831 0
4832 1
4833 1
4834 1
4835 0
4836 1
4837 0
4838 0
4839 1
4840 0
4841 0
4842 0
4843 0
4844 0
4845 0
4846 2
4847 0
4848 1
4849 3
4850 1
4851 1
4852 0
4853 0
4854 0
4855 0
4856 0
4857 0
4858 0
4859 0
4860 0
4861 0
4862 0
4863 0
4864 1
4865 0
4866 0
4867 1
4868 0
4869 0
4870 0
4871 2
4872 0
4873 2
4874 2
4875 2
4876 2
4877 1
4878 2
4879 2
4880 1
4881 2
4882 1
4883 2
4884 2
4885 1
4886 2
4887 3
4888 0
4889 0
4890 0
4891 0
4892 0
4893 0
4894 0
4895 0
4896 0
4897 0
4898 0
4899 0
4900 0
4901 0
4902 0
4903 0
4904 0
4905 0
4906 1
4907 1
4908 1
4909 0
4910 0
4911 1
4912 0
4913 0
4914 1
4915 2
4916 1
4917 0
4918 0
4919 0
4920 0
4921 0
4922 0
4923 1
4924 2
4925 0
4926 2
4927 2
4928 1
4929 2
4930 2
4931 2
4932 0
4933 0
4934 0
4935 0
4936 0
4937 0
4938 0
4939 0
4940 0
4941 0
4942 0
4943 0
4944 0
4945 1
4946 0
4947 1
4948 0
4949 0
4950 0
4951 0
4952 1
4953 0
4954 0
4955 0
4956 0
4957 0
4958 0
4959 0
4960 0
4961 0
4962 0
4963 0
4964 1
4965 0
4966 1
4967 1
4968 0
4969 0
4970 0
4971 0
4972 0
4973 0
4974 0
4975 0
4976 1
4977 0
4978 0
4979 0
4980 1
4981 0
4982 0
4983 0
4984 0
4985 0
4986 0
4987 0
4988 1
4989 1
4990 2
4991 0
4992 0
4993 1
4994 0
4995 1
4996 1
4997 0
4998 0
4999 0
5000 0
5001 2
5002 0
5003 0
5004 0
5005 0
5006 0
5007 0
5008 0
5009 0
5010 1
5011 0
5012 0
5013 1
5014 0
5015 0
5016 0
5017 0
5018 0
5019 0
5020 1
5021 0
5022 0
5023 0
5024 1
5025 0
5026 0
5027 1
5028 1
5029 0
5030 0
5031 0
5032 0
5033 0
5034 1
5035 1
5036 0
5037 0
5038 0
5039 0
5040 0
5041 0
5042 0
5043 0
5044 0
5045 0
5046 2
5047 1
5048 1
5049 1
5050 0
5051 1
5052 0
5053 0
5054 1
5055 1
5056 0
5057 0
5058 0
5059 0
5060 0
5061 0
5062 0
5063 3
5064 2
5065 2
5066 2
5067 1
5068 0
5069 2
5070 2
5071 1
5072 1
5073 4
5074 1
5075 1
5076 2
5077 2
5078 2
5079 0
5080 2
5081 1
5082 2
5083 2
5084 2
5085 2
5086 2
5087 0
5088 1
5089 0
5090 0
5091 0
5092 1
5093 1
5094 1
5095 0
5096 0
5097 0
5098 0
5099 0
5100 0
5101 0
5102 0
5103 0
5104 1
5105 0
5106 0
5107 0
5108 0
5109 0
5110 0
5111 0
5112 0
5113 1
5114 1
5115 2
5116 0
5117 0
5118 0
5119 0
5120 1
5121 1
5122 1
5123 1
5124 0
5125 0
5126 0
5127 1
5128 1
5129 0
5130 2
5131 0
5132 0
5133 0
5134 1
5135 0
5136 0
5137 0
5138 1
5139 1
5140 0
5141 1
5142 0
5143 0
5144 0
5145 0
5146 0
5147 0
5148 0
5149 1
5150 0
5151 0
5152 0
5153 0
5154 0
5155 0
5156 1
5157 0
5158 0
5159 0
5160 1
5161 1
5162 0
5163 0
5164 0
5165 0
5166 0
5167 0
5168 0
5169 0
5170 0
5171 0
5172 1
5173 0
5174 0
5175 0
5176 0
5177 0
5178 0
5179 0
5180 0
5181 1
5182 2
5183 0
5184 0
5185 0
5186 0
5187 0
5188 0
5189 0
5190 0
5191 0
5192 1
5193 1
5194 0
5195 0
5196 0
5197 1
5198 0
5199 0
5200 0
5201 0
5202 0
5203 0
5204 0
5205 0
5206 0
5207 0
5208 0
5209 0
5210 0
5211 0
5212 0
5213 0
5214 1
5215 1
5216 1
5217 1
5218 0
5219 0
5220 1
5221 2
5222 0
5223 0
5224 0
5225 0
5226 0
5227 1
5228 0
5229 1
5230 1
5231 0
5232 0
5233 0
5234 0
5235 0
5236 0
5237 0
5238 0
5239 0
5240 0
5241 1
5242 1
5243 0
5244 1
5245 0
5246 0
5247 0
5248 0
5249 0
5250 1
5251 0
5252 0
5253 0
5254 0
5255 0
5256 0
5257 0
5258 0
5259 1
5260 0
5261 0
5262 0
5263 0
5264 0
5265 0
5266 0
5267 0
5268 0
5269 0
5270 0
5271 0
5272 0
5273 0
5274 0
5275 2
5276 0
5277 0
5278 0
5279 0
5280 0
5281 0
5282 0
5283 0
5284 1
5285 0
5286 0
5287 0
5288 0
5289 0
5290 0
5291 0
5292 0
5293 0
5294 0
5295 0
5296 0
5297 1
5298 0
5299 0
5300 1
5301 0
5302 0
5303 0
5304 0
5305 0
5306 0
5307 0
5308 0
5309 0
5310 0
5311 0
5312 0
5313 1
5314 0
5315 0
5316 0
5317 0
5318 0
5319 1
5320 0
5321 0
5322 0
5323 0
5324 0
5325 1
5326 0
5327 0
5328 0
5329 0
5330 0
5331 0
5332 0
5333 0
5334 0
5335 0
5336 0
5337 0
5338 1
5339 0
5340 0
5341 0
5342 0
5343 1
5344 0
5345 0
5346 0
5347 0
5348 0
5349 0
5350 0
5351 0
5352 0
5353 0
5354 0
5355 0
5356 0
5357 0
5358 0
5359 0
5360 0
5361 0
5362 1
5363 1
5364 0
5365 0
5366 0
5367 1
5368 1
5369 0
5370 1
5371 0
5372 1
5373 0
5374 0
5375 1
5376 1
5377 0
5378 2
5379 0
5380 0
5381 0
5382 0
5383 0
5384 0
5385 1
5386 0
5387 0
5388 0
5389 1
5390 0
5391 1
5392 0
5393 0
5394 0
5395 0
5396 0
5397 0
5398 0
5399 0
5400 0
5401 0
5402 1
5403 0
5404 1
5405 1
5406 1
5407 0
5408 1
5409 0
5410 0
5411 0
5412 0
5413 2
5414 0
5415 0
5416 1
5417 1
5418 0
5419 0
5420 0
5421 1
5422 0
5423 1
5424 0
5425 1
5426 0
5427 0
5428 0
5429 0
5430 1
5431 1
5432 0
5433 1
5434 0
5435 0
5436 0
5437 0
5438 0
5439 1
5440 0
5441 0
5442 0
5443 0
5444 0
5445 0
5446 0
5447 0
5448 0
5449 0
5450 0
5451 0
5452 1
5453 0
5454 0
5455 1
5456 0
5457 0
5458 0
5459 0
5460 0
5461 1
5462 0
5463 0
5464 1
5465 0
5466 0
5467 0
5468 0
5469 0
5470 0
5471 0
5472 0
5473 0
5474 0
5475 0
5476 1
5477 0
5478 0
5479 0
5480 0
5481 0
5482 1
5483 0
5484 0
5485 1
5486 0
5487 1
5488 0
5489 0
5490 0
5491 2
5492 0
5493 0
5494 1
5495 1
5496 1
5497 1
5498 1
5499 1
5500 1
5501 0
5502 0
5503 1
5504 0
5505 0
5506 0
5507 0
5508 1
5509 0
5510 0
5511 0
5512 0
5513 1
5514 0
5515 0
5516 1
5517 0
5518 1
5519 0
5520 0
5521 1
5522 0
5523 0
5524 0
5525 2
5526 0
5527 0
5528 0
5529 1
5530 1
5531 0
5532 0
5533 0
5534 0
5535 0
5536 1
5537 1
5538 0
5539 0
5540 0
5541 0
5542 0
5543 0
5544 0
5545 0
5546 0
5547 0
5548 0
5549 1
5550 0
5551 0
5552 2
5553 0
5554 1
5555 0
5556 1
5557 0
5558 0
5559 0
5560 0
5561 1
5562 1
5563 1
5564 1
5565 0
5566 0
5567 0
5568 0
5569 0
5570 0
5571 0
5572 0
5573 0
5574 0
5575 0
5576 0
5577 0
5578 0
5579 0
5580 0
5581 0
5582 0
5583 0
5584 0
5585 0
5586 0
5587 1
5588 0
5589 0
5590 1
5591 0
5592 0
5593 0
5594 0
5595 0
5596 0
5597 0
5598 1
5599 0
5600 0
5601 0
5602 0
5603 0
5604 0
5605 1
5606 0
5607 0
5608 0
5609 0
5610 1
5611 0
5612 2
5613 0
5614 0
5615 0
5616 0
5617 0
5618 0
5619 0
5620 0
5621 0
5622 0
5623 0
5624 1
5625 0
5626 1
5627 0
5628 1
5629 0
5630 0
5631 1
5632 0
5633 0
5634 0
5635 0
5636 0
5637 1
5638 0
5639 0
5640 0
5641 1
5642 0
5643 0
5644 0
5645 0
5646 0
5647 0
5648 0
5649 0
5650 0
5651 0
5652 0
5653 0
5654 0
5655 0
5656 0
5657 0
5658 0
5659 0
5660 0
5661 0
5662 0
5663 0
5664 0
5665 0
5666 0
5667 0
5668 0
5669 0
5670 2
5671 0
5672 1
5673 0
5674 0
5675 1
5676 0
5677 1
5678 0
5679 0
5680 0
5681 0
5682 0
5683 0
5684 0
5685 0
5686 1
5687 0
5688 0
5689 0
5690 0
5691 0
5692 0
5693 0
5694 0
5695 0
5696 0
5697 0
5698 0
5699 0
5700 0
5701 0
5702 0
5703 0
5704 0
5705 0
5706 1
5707 0
5708 0
5709 0
5710 0
5711 2
5712 0
5713 0
5714 0
5715 0
5716 0
5717 0
5718 0
5719 0
5720 0
5721 0
5722 0
5723 0
5724 0
5725 0
5726 0
5727 0
5728 1
5729 0
5730 0
5731 0
5732 0
5733 0
5734 0
5735 0
5736 1
5737 1
5738 0
5739 0
5740 1
5741 0
5742 0
5743 0
5744 1
5745 0
5746 0
5747 0
5748 0
5749 0
5750 0
5751 0
5752 1
5753 0
5754 0
5755 2
5756 0
5757 0
5758 1
5759 0
5760 0
5761 0
5762 0
5763 0
5764 1
5765 1
5766 0
5767 1
5768 0
5769 0
5770 1
5771 0
5772 0
5773 2
5774 0
5775 0
5776 1
5777 0
5778 0
5779 0
5780 0
5781 0
5782 0
5783 0
5784 0
5785 0
5786 0
5787 0
5788 0
5789 0
5790 0
5791 0
5792 0
5793 0
5794 1
5795 0
5796 1
5797 0
5798 0
5799 0
5800 0
5801 0
5802 0
5803 0
5804 0
5805 0
5806 0
5807 0
5808 1
5809 0
5810 0
5811 1
5812 0
5813 0
5814 1
5815 0
5816 0
5817 0
5818 0
5819 1
5820 0
5821 0
5822 0
5823 1
5824 0
5825 1
5826 1
5827 1
5828 1
5829 0
5830 0
5831 0
5832 0
5833 0
5834 1
5835 0
5836 1
5837 0
5838 0
5839 0
5840 0
5841 0
5842 0
5843 0
5844 1
5845 0
5846 0
5847 0
5848 0
5849 0
5850 0
5851 0
5852 0
5853 0
5854 1
5855 0
5856 0
5857 0
5858 0
5859 0
5860 0
5861 0
5862 0
5863 0
5864 0
5865 1
5866 0
5867 0
5868 0
5869 1
5870 1
5871 0
5872 1
5873 0
5874 0
5875 1
5876 0
5877 0
5878 0
5879 0
5880 0
5881 0
5882 0
5883 0
5884 0
5885 1
5886 0
5887 1
5888 0
5889 0
5890 1
5891 0
5892 1
5893 0
5894 0
5895 0
5896 0
5897 1
5898 0
5899 1
5900 0
5901 0
5902 0
5903 0
5904 0
5905 0
5906 1
5907 0
5908 0
5909 0
5910 0
5911 0
5912 0
5913 0
5914 0
5915 1
5916 0
5917 0
5918 0
5919 0
5920 1
5921 1
5922 0
5923 1
5924 1
5925 0
5926 0
5927 1
5928 0
5929 1
5930 0
5931 0
5932 0
5933 0
5934 0
5935 0
5936 0
5937 1
5938 1
5939 0
5940 0
5941 0
5942 0
5943 0
5944 0
5945 0
5946 0
5947 0
5948 0
5949 1
5950 1
5951 2
5952 3
5953 2
5954 2
5955 1
5956 2
5957 1
5958 2
5959 1
5960 3
5961 0
5962 0
5963 2
5964 1
5965 0
5966 2
5967 2
5968 4
5969 0
5970 1
5971 1
5972 0
5973 0
5974 0
5975 0
5976 1
5977 0
5978 0
5979 1
5980 0
5981 1
5982 0
5983 1
5984 0
5985 0
5986 0
5987 0
5988 0
5989 1
5990 0
5991 0
5992 0
5993 1
5994 0
5995 1
5996 0
5997 1
5998 1
5999 1
6000 0
6001 0
6002 0
6003 0
6004 2
6005 1
6006 0
6007 0
6008 0
6009 2
6010 2
6011 0
6012 0
6013 0
6014 0
6015 1
6016 0
6017 1
6018 2
6019 0
6020 0
6021 0
6022 0
6023 0
6024 0
6025 1
6026 1
6027 0
6028 1
6029 0
6030 0
6031 2
6032 0
6033 0
6034 0
6035 0
6036 0
6037 1
6038 0
6039 0
6040 0
6041 0
6042 0
6043 0
6044 0
6045 0
6046 0
6047 0
6048 0
6049 0
6050 0
6051 1
6052 1
6053 0
6054 0
6055 0
6056 0
6057 0
6058 0
6059 0
6060 0
6061 0
6062 0
6063 0
6064 0
6065 0
6066 0
6067 0
6068 1
6069 0
6070 0
6071 0
6072 0
6073 0
6074 0
6075 0
6076 1
6077 0
6078 0
6079 0
6080 2
6081 0
6082 0
6083 0
6084 0
6085 0
6086 0
6087 1
6088 0
6089 2
6090 1
6091 0
6092 0
6093 0
6094 0
6095 0
6096 0
6097 0
6098 0
6099 0
6100 1
6101 1
6102 0
6103 1
6104 1
6105 0
6106 0
6107 0
6108 0
6109 1
6110 0
6111 0
6112 0
6113 0
6114 0
6115 0
6116 0
6117 1
6118 0
6119 0
6120 1
6121 0
6122 0
6123 0
6124 0
6125 1
6126 0
6127 0
6128 0
6129 1
6130 0
6131 0
6132 0
6133 0
6134 0
6135 0
6136 0
6137 1
6138 1
6139 0
6140 0
6141 1
6142 0
6143 0
6144 0
6145 0
6146 0
6147 0
6148 1
6149 0
6150 0
6151 0
6152 0
6153 0
6154 0
6155 1
6156 0
6157 0
6158 0
6159 0
6160 0
6161 1
6162 0
6163 0
6164 0
6165 0
6166 2
6167 0
6168 0
6169 0
6170 0
6171 0
6172 0
6173 0
6174 0
6175 0
6176 0
6177 0
6178 0
6179 0
6180 0
6181 0
6182 0
6183 2
6184 0
6185 1
6186 1
6187 0
6188 0
6189 0
6190 0
6191 0
6192 1
6193 1
6194 0
6195 0
6196 0
6197 2
6198 2
6199 0
6200 0
6201 0
6202 1
6203 0
6204 0
6205 2
6206 0
6207 1
6208 0
6209 1
6210 1
6211 0
6212 1
6213 1
6214 0
6215 0
6216 1
6217 0
6218 0
6219 0
6220 1
6221 0
6222 1
6223 0
6224 0
6225 0
6226 1
6227 0
6228 0
6229 0
6230 0
6231 0
6232 0
6233 1
6234 1
6235 1
6236 0
6237 0
6238 0
6239 0
6240 1
6241 1
6242 0
6243 0
6244 0
6245 1
6246 0
6247 0
6248 0
6249 0
6250 0
6251 0
6252 0
6253 0
6254 1
6255 0
6256 0
6257 0
6258 0
6259 0
6260 1
6261 0
6262 0
6263 0
6264 0
6265 1
6266 0
6267 1
6268 0
6269 1
6270 0
6271 0
6272 0
6273 0
6274 0
6275 0
6276 0
6277 1
6278 2
6279 0
6280 0
6281 0
6282 0
6283 0
6284 0
6285 1
6286 0
6287 0
6288 1
6289 0
6290 0
6291 0
6292 0
6293 0
6294 1
6295 0
6296 0
6297 0
6298 2
6299 0
6300 0
6301 0
6302 0
6303 0
6304 0
6305 0
6306 0
6307 0
6308 0
6309 0
6310 1
6311 0
6312 1
6313 0
6314 0
6315 0
6316 0
6317 0
6318 0
6319 1
6320 0
6321 0
6322 1
6323 0
6324 1
6325 1
6326 1
6327 0
6328 1
6329 0
6330 1
6331 1
6332 1
6333 1
6334 0
6335 0
6336 1
6337 1
6338 0
6339 1
6340 1
6341 1
6342 0
6343 1
6344 0
6345 0
6346 1
6347 0
6348 0
6349 0
6350 0
6351 1
6352 1
6353 0
6354 1
6355 0
6356 0
6357 0
6358 0
6359 0
6360 0
6361 1
6362 0
6363 0
6364 0
6365 0
6366 0
6367 0
6368 0
6369 0
6370 0
6371 0
6372 0
6373 0
6374 1
6375 0
6376 0
6377 0
6378 0
6379 0
6380 1
6381 0
6382 0
6383 0
6384 0
6385 0
6386 1
6387 0
6388 1
6389 1
6390 0
6391 0
6392 0
6393 0
6394 0
6395 0
6396 0
6397 0
6398 0
6399 0
6400 0
6401 1
6402 0
6403 0
6404 0
6405 1
6406 0
6407 1
6408 1
6409 1
6410 0
6411 0
6412 1
6413 0
6414 0
6415 0
6416 1
6417 0
6418 0
6419 0
6420 0
6421 0
6422 0
6423 0
6424 0
6425 0
6426 0
6427 0
6428 0
6429 0
6430 0
6431 0
6432 0
6433 0
6434 0
6435 0
6436 1
6437 0
6438 0
6439 0
6440 0
6441 0
6442 0
6443 0
6444 0
6445 0
6446 2
6447 1
6448 0
6449 0
6450 0
6451 1
6452 0
6453 0
6454 1
6455 1
6456 0
6457 1
6458 0
6459 1
6460 0
6461 0
6462 0
6463 0
6464 1
6465 0
6466 1
6467 0
6468 0
6469 0
6470 1
6471 0
6472 0
6473 1
6474 0
6475 0
6476 0
6477 0
6478 0
6479 0
6480 0
6481 0
6482 0
6483 1
6484 1
6485 0
6486 1
6487 0
6488 0
6489 0
6490 0
6491 0
6492 0
6493 1
6494 1
6495 0
6496 1
6497 0
6498 0
6499 1
6500 0
6501 0
6502 1
6503 1
6504 0
6505 0
6506 1
6507 1
6508 2
6509 0
6510 0
6511 1
6512 0
6513 0
6514 0
6515 1
6516 1
6517 1
6518 0
6519 0
6520 0
6521 0
6522 0
6523 0
6524 0
6525 0
6526 0
6527 2
6528 0
6529 1
6530 0
6531 0
6532 1
6533 0
6534 0
6535 0
6536 0
6537 0
6538 0
6539 1
6540 0
6541 0
6542 0
6543 0
6544 2
6545 0
6546 2
6547 1
6548 2
6549 1
6550 2
6551 2
6552 1
6553 2
6554 0
6555 2
6556 2
6557 1
6558 2
6559 2
6560 1
6561 0
6562 2
6563 1
6564 2
6565 2
6566 3
6567 1
6568 2
6569 2
6570 2
6571 2
6572 2
6573 1
6574 0
6575 0
6576 0
6577 0
6578 0
6579 1
6580 0
6581 0
6582 0
6583 1
6584 0
6585 0
6586 0
6587 0
6588 0
6589 0
6590 1
6591 0
6592 0
6593 0
6594 0
6595 1
6596 0
6597 0
6598 0
6599 0
6600 0
6601 0
6602 0
6603 0
6604 0
6605 0
6606 1
6607 0
6608 1
6609 0
6610 0
6611 1
6612 0
6613 0
6614 0
6615 0
6616 0
6617 0
6618 0
6619 0
6620 0
6621 0
6622 0
6623 0
6624 0
6625 0
6626 0
6627 1
6628 0
6629 1
6630 0
6631 2
6632 0
6633 0
6634 0
6635 0
6636 0
6637 0
6638 0
6639 1
6640 0
6641 0
6642 0
6643 1
6644 0
6645 1
6646 1
6647 2
6648 2
6649 1
6650 1
6651 3
6652 2
6653 1
6654 2
6655 2
6656 2
6657 2
6658 2
6659 2
6660 0
6661 0
6662 1
6663 0
6664 0
6665 0
6666 0
6667 1
6668 0
6669 0
6670 0
6671 0
6672 0
6673 1
6674 0
6675 0
6676 0
6677 0
6678 0
6679 0
6680 0
6681 2
6682 0
6683 0
6684 0
6685 1
6686 0
6687 1
6688 0
6689 0
6690 0
6691 0
6692 0
6693 0
6694 1
6695 0
6696 1
6697 1
6698 0
6699 0
6700 0
6701 0
6702 0
6703 0
6704 0
6705 0
6706 0
6707 0
6708 0
6709 0
6710 0
6711 0
6712 0
6713 0
6714 0
6715 0
6716 1
6717 0
6718 1
6719 0
6720 0
6721 0
6722 0
6723 0
6724 0
6725 1
6726 0
6727 1
6728 0
6729 0
6730 0
6731 0
6732 0
6733 0
6734 1
6735 0
6736 1
6737 0
6738 1
6739 1
6740 0
6741 2
6742 0
6743 0
6744 0
6745 0
6746 0
6747 1
6748 1
6749 0
6750 0
6751 0
6752 0
6753 0
6754 0
6755 0
6756 0
6757 0
6758 0
6759 0
6760 0
6761 0
6762 0
6763 1
6764 0
6765 1
6766 0
6767 0
6768 0
6769 0
6770 1
6771 0
6772 0
6773 0
6774 0
6775 0
6776 0
6777 0
6778 1
6779 0
6780 0
6781 0
6782 0
6783 0
6784 0
6785 0
6786 0
6787 0
6788 0
6789 2
6790 0
6791 0
6792 0
6793 0
6794 0
6795 0
6796 0
6797 0
6798 0
6799 0
6800 1
6801 0
6802 1
6803 0
6804 0
6805 0
6806 0
6807 0
6808 1
6809 0
6810 0
6811 1
6812 1
6813 1
6814 0
6815 0
6816 0
6817 1
6818 0
6819 0
6820 0
6821 0
6822 0
6823 1
6824 0
6825 0
6826 0
6827 0
6828 0
6829 0
6830 1
6831 1
6832 0
6833 0
6834 0
6835 0
6836 0
6837 0
6838 0
6839 1
6840 1
6841 0
6842 0
6843 0
6844 1
6845 1
6846 0
6847 0
6848 0
6849 0
6850 0
6851 0
6852 0
6853 0
6854 0
6855 0
6856 0
6857 1
6858 0
6859 1
6860 0
6861 0
6862 0
6863 1
6864 1
6865 0
6866 0
6867 0
6868 0
6869 0
6870 1
6871 3
6872 0
6873 2
6874 0
6875 1
6876 0
6877 1
6878 0
6879 1
6880 0
6881 0
6882 2
6883 1
6884 1
6885 1
6886 0
6887 0
6888 0
6889 0
6890 0
6891 0
6892 0
6893 1
6894 0
6895 0
6896 0
6897 0
6898 1
6899 0
6900 1
6901 0
6902 0
6903 2
6904 0
6905 0
6906 0
6907 1
6908 0
6909 0
6910 1
6911 1
6912 1
6913 0
6914 0
6915 0
6916 0
6917 0
6918 0
6919 1
6920 0
6921 0
6922 0
6923 0
6924 0
6925 0
6926 0
6927 1
6928 0
6929 0
6930 0
6931 0
6932 0
6933 0
6934 0
6935 0
6936 1
6937 0
6938 0
6939 0
6940 0
6941 1
6942 0
6943 0
6944 1
6945 0
6946 1
6947 1
6948 0
6949 1
6950 0
6951 1
6952 0
6953 0
6954 0
6955 0
6956 0
6957 0
6958 0
6959 0
6960 1
6961 1
6962 0
6963 0
6964 0
6965 0
6966 0
6967 0
6968 0
6969 1
6970 1
6971 2
6972 2
6973 0
6974 2
6975 3
6976 2
6977 1
6978 4
6979 3
6980 2
6981 2
6982 2
6983 1
6984 1
6985 3
6986 2
6987 2
6988 2
6989 1
6990 2
6991 3
6992 1
6993 2
6994 2
6995 2
6996 2
6997 2
6998 2
6999 2
7000 3
7001 0
7002 1
7003 2
7004 0
7005 1
7006 0
7007 0
7008 0
7009 0
7010 1
7011 1
7012 0
7013 0
7014 0
7015 0
7016 0
7017 0
7018 0
7019 0
7020 0
7021 0
7022 0
7023 0
7024 0
7025 0
7026 0
7027 1
7028 0
7029 0
7030 0
7031 0
7032 0
7033 0
7034 0
7035 0
7036 0
7037 0
7038 1
7039 1
7040 0
7041 0
7042 0
7043 0
7044 0
7045 1
7046 0
7047 0
7048 0
7049 0
7050 0
7051 0
7052 1
7053 0
7054 0
7055 0
7056 1
7057 0
7058 1
7059 0
7060 0
7061 0
7062 0
7063 0
7064 1
7065 0
7066 0
7067 0
7068 0
7069 1
7070 1
7071 1
7072 2
7073 0
7074 0
7075 0
7076 0
7077 0
7078 0
7079 1
7080 0
7081 0
7082 0
7083 0
7084 0
7085 0
7086 1
7087 0
7088 1
7089 0
7090 1
7091 0
7092 1
7093 0
7094 1
7095 0
7096 0
7097 0
7098 1
7099 0
7100 1
7101 0
7102 0
7103 0
7104 0
7105 1
7106 0
7107 0
7108 0
7109 0
7110 0
7111 0
7112 0
7113 0
7114 0
7115 0
7116 0
7117 0
7118 0
7119 1
7120 1
7121 0
7122 1
7123 1
7124 2
7125 2
7126 0
7127 0
7128 1
7129 0
7130 0
7131 2
7132 0
7133 0
7134 0
7135 0
7136 0
7137 0
7138 0
7139 0
7140 0
7141 0
7142 0
7143 1
7144 0
7145 0
7146 0
7147 0
7148 0
7149 0
7150 1
7151 0
7152 0
7153 1
7154 1
7155 0
7156 0
7157 1
7158 0
7159 0
7160 0
7161 0
7162 0
7163 0
7164 1
7165 0
7166 0
7167 0
7168 1
7169 1
7170 0
7171 1
7172 0
7173 0
7174 1
7175 1
7176 1
7177 2
7178 0
7179 0
7180 1
7181 1
7182 0
7183 0
7184 0
7185 0
7186 1
7187 1
7188 0
7189 0
7190 1
7191 0
7192 1
7193 0
7194 1
7195 0
7196 1
7197 1
7198 0
7199 1
7200 0
7201 0
7202 0
7203 0
7204 0
7205 0
7206 0
7207 1
7208 1
7209 3
7210 0
7211 1
7212 0
7213 1
7214 0
7215 1
7216 0
7217 1
7218 0
7219 0
7220 0
7221 0
7222 0
7223 1
7224 0
7225 1
7226 0
7227 0
7228 0
7229 1
7230 3
7231 1
7232 0
7233 0
7234 1
7235 0
7236 0
7237 0
7238 0
7239 1
7240 0
7241 2
7242 0
7243 1
7244 1
7245 0
7246 0
7247 0
7248 0
7249 0
7250 0
7251 0
7252 0
7253 0
7254 0
7255 0
7256 1
7257 0
7258 0
7259 0
7260 0
7261 0
7262 0
7263 1
7264 0
7265 2
7266 0
7267 0
7268 0
7269 0
7270 1
7271 1
7272 2
7273 0
7274 0
7275 0
7276 1
7277 1
7278 0
7279 2
7280 0
7281 0
7282 0
7283 0
7284 2
7285 0
7286 1
7287 1
7288 0
7289 0
7290 0
7291 1
7292 1
7293 1
7294 0
7295 0
7296 0
7297 0
7298 0
7299 0
7300 0
7301 0
7302 0
7303 1
7304 1
7305 0
7306 0
7307 1
7308 0
7309 2
7310 0
7311 0
7312 0
7313 0
7314 0
7315 1
7316 0
7317 0
7318 0
7319 2
7320 0
7321 0
7322 1
7323 0
7324 1
7325 1
7326 1
7327 1
7328 0
7329 0
7330 0
7331 0
7332 0
7333 0
7334 0
7335 1
7336 1
7337 0
7338 0
7339 0
7340 1
7341 0
7342 0
7343 0
7344 0
7345 0
7346 0
7347 0
7348 0
7349 1
7350 0
7351 1
7352 1
7353 0
7354 0
7355 1
7356 0
7357 1
7358 0
7359 1
7360 0
7361 0
7362 0
7363 0
7364 0
7365 1
7366 1
7367 0
7368 0
7369 0
7370 1
7371 2
7372 1
7373 0
7374 0
7375 0
7376 0
7377 0
7378 0
7379 0
7380 0
7381 0
7382 1
7383 0
7384 0
7385 0
7386 0
7387 1
7388 0
7389 0
7390 0
7391 1
7392 0
7393 1
7394 0
7395 0
7396 0
7397 0
7398 0
7399 0
7400 1
7401 0
7402 0
7403 0
7404 0
7405 1
7406 0
7407 0
7408 0
7409 1
7410 0
7411 0
7412 0
7413 0
7414 0
7415 1
7416 0
7417 0
7418 1
7419 0
7420 0
7421 0
7422 0
7423 0
7424 0
7425 0
7426 1
7427 1
7428 0
7429 0
7430 0
7431 0
7432 0
7433 0
7434 0
7435 0
7436 1
7437 0
7438 0
7439 0
7440 0
7441 0
7442 1
7443 0
7444 1
7445 1
7446 0
7447 0
7448 0
7449 0
7450 0
7451 0
7452 0
7453 0
7454 0
7455 0
7456 0
7457 0
7458 1
7459 0
7460 1
7461 0
7462 1
7463 0
7464 0
7465 0
7466 1
7467 0
7468 0
7469 0
7470 0
7471 0
7472 1
7473 0
7474 0
7475 0
7476 0
7477 0
7478 0
7479 0
7480 0
7481 0
7482 0
7483 0
7484 0
7485 0
7486 1
7487 0
7488 0
7489 0
7490 0
7491 0
7492 0
7493 0
7494 0
7495 0
7496 0
7497 0
7498 0
7499 0
7500 1
7501 0
7502 0
7503 0
7504 0
7505 0
7506 0
7507 0
7508 0
7509 0
7510 0
7511 0
7512 0
7513 0
7514 0
7515 0
7516 0
7517 0
7518 0
7519 0
7520 0
7521 0
7522 0
7523 0
7524 0
7525 0
7526 0
7527 0
7528 1
7529 0
7530 0
7531 0
7532 0
7533 0
7534 0
7535 0
7536 0
7537 0
7538 0
7539 0
7540 0
7541 0
7542 0
7543 0
7544 0
7545 0
7546 0
7547 0
7548 0
7549 1
7550 0
7551 1
7552 0
7553 1
7554 0
7555 0
7556 0
7557 0
7558 1
7559 1
7560 0
7561 0
7562 0
7563 1
7564 1
7565 0
7566 0
7567 0
7568 0
7569 1
7570 1
7571 1
7572 0
7573 0
7574 0
7575 0
7576 0
7577 1
7578 2
7579 0
7580 0
7581 0
7582 0
7583 0
7584 0
7585 0
7586 0
7587 0
7588 0
7589 0
7590 0
7591 0
7592 0
7593 0
7594 0
7595 0
7596 0
7597 0
7598 0
7599 1
7600 0
7601 0
7602 0
7603 0
7604 0
7605 1
7606 1
7607 0
7608 0
7609 1
7610 1
7611 0
7612 0
7613 0
7614 0
7615 0
7616 0
7617 0
7618 0
7619 1
7620 0
7621 0
7622 0
7623 0
7624 0
7625 0
7626 2
7627 0
7628 1
7629 0
7630 0
7631 0
7632 0
7633 0
7634 0
7635 0
7636 0
7637 0
7638 0
7639 0
7640 0
7641 0
7642 0
7643 0
7644 0
7645 0
7646 1
7647 1
7648 1
7649 0
7650 2
7651 1
7652 0
7653 0
7654 1
7655 0
7656 0
7657 1
7658 0
7659 0
7660 1
7661 0
7662 1
7663 0
7664 0
7665 0
7666 2
7667 0
7668 0
7669 0
7670 0
7671 0
7672 0
7673 0
7674 0
7675 1
7676 0
7677 0
7678 0
7679 1
7680 1
7681 0
7682 0
7683 0
7684 1
7685 3
7686 2
7687 1
7688 0
7689 0
7690 0
7691 0
7692 0
7693 0
7694 0
7695 0
7696 0
7697 0
7698 0
7699 0
7700 1
7701 0
7702 1
7703 0
7704 0
7705 0
7706 0
7707 1
7708 0
7709 2
7710 1
7711 1
7712 1
7713 0
7714 0
7715 0
7716 0
7717 0
7718 0
7719 1
7720 0
7721 0
7722 0
7723 0
7724 0
7725 1
7726 2
7727 0
7728 0
7729 0
7730 0
7731 0
7732 0
7733 0
7734 1
7735 0
7736 0
7737 0
7738 0
7739 0
7740 1
7741 0
7742 0
7743 0
7744 0
7745 0
7746 0
7747 0
7748 0
7749 0
7750 1
7751 0
7752 0
7753 0
7754 0
7755 2
7756 1
7757 0
7758 0
7759 0
7760 0
7761 0
7762 0
7763 0
7764 0
7765 0
7766 0
7767 0
7768 0
7769 0
7770 0
7771 0
7772 0
7773 0
7774 1
7775 0
7776 0
7777 1
7778 0
7779 0
7780 0
7781 0
7782 1
7783 0
7784 1
7785 0
7786 0
7787 0
7788 0
7789 1
7790 0
7791 0
7792 0
7793 1
7794 0
7795 0
7796 0
7797 0
7798 0
7799 0
7800 0
7801 0
7802 1
7803 0
7804 0
7805 0
7806 0
7807 0
7808 0
7809 0
7810 0
7811 1
7812 1
7813 1
7814 0
7815 0
7816 0
7817 0
7818 0
7819 0
7820 1
7821 0
7822 0
7823 1
7824 0
7825 1
7826 0
7827 0
7828 0
7829 1
7830 0
7831 0
7832 0
7833 0
7834 1
7835 1
7836 0
7837 0
7838 1
7839 0
7840 0
7841 0
7842 0
7843 0
7844 1
7845 0
7846 0
7847 0
7848 0
7849 0
7850 0
7851 0
7852 2
7853 0
7854 0
7855 0
7856 0
7857 0
7858 0
7859 0
7860 0
7861 0
7862 0
7863 0
7864 1
7865 0
7866 1
7867 0
7868 0
7869 0
7870 0
7871 0
7872 2
7873 0
7874 0
7875 0
7876 0
7877 2
7878 1
7879 0
7880 0
7881 0
7882 0
7883 0
7884 0
7885 0
7886 0
7887 1
7888 0
7889 0
7890 0
7891 0
7892 0
7893 0
7894 0
7895 2
7896 0
7897 0
7898 1
7899 0
7900 1
7901 1
7902 0
7903 0
7904 0
7905 0
7906 1
7907 1
7908 1
7909 1
7910 1
7911 0
7912 0
7913 0
7914 1
7915 1
7916 0
7917 0
7918 0
7919 1
7920 0
7921 0
7922 1
7923 1
7924 1
7925 2
7926 1
7927 2
7928 2
7929 0
7930 1
7931 0
7932 1
7933 0
7934 1
7935 3
7936 0
7937 0
7938 1
7939 0
7940 1
7941 1
7942 1
7943 0
7944 2
7945 0
7946 0
7947 0
7948 1
7949 1
7950 1
7951 2
7952 1
7953 2
7954 1
7955 0
7956 1
7957 1
7958 0
7959 1
7960 0
7961 1
7962 1
7963 1
7964 2
7965 1
7966 0
7967 1
7968 2
7969 0
7970 2
7971 1
7972 0
7973 0
7974 0
7975 1
7976 2
7977 0
7978 1
7979 1
7980 1
7981 1
7982 0
7983 0
7984 0
7985 0
7986 1
7987 0
7988 0
7989 2
7990 0
7991 1
7992 1
7993 1
7994 0
7995 0
7996 0
7997 1
7998 0
7999 1
8000 2
8001 1
8002 2
8003 1
8004 0
8005 2
8006 1
8007 1
8008 2
8009 1
8010 0
8011 0
8012 0
8013 2
8014 1
8015 0
8016 0
8017 1
8018 0
8019 1
8020 1
8021 0
8022 3
8023 0
8024 0
8025 0
8026 0
8027 0
8028 0
8029 1
8030 0
8031 0
8032 1
8033 0
8034 0
8035 0
8036 0
8037 0
8038 0
8039 1
8040 0
8041 0
8042 0
8043 0
8044 0
8045 0
8046 1
8047 0
8048 0
8049 0
8050 0
8051 0
8052 0
8053 0
8054 0
8055 0
8056 0
8057 0
8058 0
8059 0
8060 1
8061 0
8062 0
8063 0
8064 1
8065 0
8066 0
8067 0
8068 0
8069 0
8070 0
8071 0
8072 0
8073 0
8074 0
8075 0
8076 0
8077 2
8078 0
8079 0
8080 0
8081 1
8082 0
8083 0
8084 0
8085 0
8086 0
8087 1
8088 0
8089 0
8090 1
8091 1
8092 1
8093 1
8094 1
8095 1
8096 1
8097 0
8098 0
8099 0
8100 0
8101 0
8102 0
8103 1
8104 1
8105 0
8106 0
8107 0
8108 0
8109 0
8110 0
8111 0
8112 0
8113 0
8114 0
8115 0
8116 1
8117 0
8118 0
8119 1
8120 0
8121 0
8122 1
8123 0
8124 0
8125 1
8126 0
8127 0
8128 1
8129 0
8130 0
8131 1
8132 2
8133 0
8134 0
8135 0
8136 1
8137 0
8138 0
8139 0
8140 0
8141 2
8142 0
8143 0
8144 0
8145 1
8146 0
8147 1
8148 0
8149 0
8150 0
8151 0
8152 0
8153 0
8154 0
8155 0
8156 0
8157 1
8158 0
8159 0
8160 1
8161 0
8162 1
8163 0
8164 0
8165 0
8166 0
8167 1
8168 0
8169 1
8170 0
8171 0
8172 0
8173 0
8174 0
8175 0
8176 0
8177 2
8178 0
8179 1
8180 1
8181 0
8182 0
8183 0
8184 0
8185 0
8186 1
8187 1
8188 0
8189 1
8190 0
8191 0
8192 0
8193 1
8194 0
8195 1
8196 0
8197 0
8198 0
8199 1
8200 0
8201 0
8202 0
8203 0
8204 0
8205 0
8206 1
8207 0
8208 0
8209 1
8210 0
8211 0
8212 0
8213 0
8214 1
8215 0
8216 1
8217 0
8218 1
8219 0
8220 0
8221 0
8222 0
8223 0
8224 1
8225 1
8226 0
8227 1
8228 0
8229 0
8230 0
8231 0
8232 1
8233 0
8234 1
8235 0
8236 0
8237 0
8238 0
8239 0
8240 2
8241 0
8242 0
8243 0
8244 0
8245 2
8246 0
8247 0
8248 0
8249 0
8250 1
8251 0
8252 0
8253 0
8254 0
8255 0
8256 0
8257 0
8258 0
8259 0
8260 0
8261 0
8262 1
8263 0
8264 0
8265 2
8266 0
8267 1
8268 0
8269 0
8270 1
8271 0
8272 0
8273 0
8274 1
8275 1
8276 0
8277 0
8278 0
8279 1
8280 0
8281 0
8282 0
8283 0
8284 0
8285 0
8286 0
8287 0
8288 0
8289 1
8290 0
8291 0
8292 1
8293 0
8294 2
8295 0
8296 0
8297 2
8298 0
8299 0
8300 0
8301 0
8302 0
8303 0
8304 1
8305 0
8306 0
8307 0
8308 0
8309 0
8310 0
8311 1
8312 0
8313 0
8314 0
8315 0
8316 0
8317 1
8318 0
8319 1
8320 0
8321 0
8322 0
8323 0
8324 0
8325 0
8326 1
8327 0
8328 1
8329 0
8330 0
8331 0
8332 0
8333 0
8334 0
8335 0
8336 0
8337 0
8338 0
8339 0
8340 0
8341 1
8342 1
8343 1
8344 1
8345 0
8346 1
8347 0
8348 0
8349 1
8350 0
8351 0
8352 1
8353 0
8354 0
8355 0
8356 1
8357 0
8358 0
8359 0
8360 0
8361 0
8362 0
8363 0
8364 1
8365 0
8366 0
8367 0
8368 1
8369 0
8370 0
8371 0
8372 0
8373 1
8374 0
8375 0
8376 2
8377 1
8378 0
8379 0
8380 0
8381 1
8382 0
8383 0
8384 0
8385 0
8386 0
8387 0
8388 0
8389 0
8390 0
8391 0
8392 0
8393 0
8394 0
8395 1
8396 0
8397 0
8398 0
8399 1
8400 3
8401 1
8402 1
8403 2
8404 0
8405 0
8406 0
8407 0
8408 0
8409 2
8410 0
8411 0
8412 0
8413 0
8414 0
8415 1
8416 1
8417 0
8418 0
8419 0
8420 0
8421 0
8422 0
8423 0
8424 0
8425 0
8426 0
8427 0
8428 0
8429 1
8430 1
8431 0
8432 1
8433 1
8434 0
8435 0
8436 1
8437 1
8438 0
8439 1
8440 0
8441 0
8442 0
8443 1
8444 0
8445 0
8446 0
8447 0
8448 0
8449 2
8450 0
8451 0
8452 0
8453 0
8454 0
8455 0
8456 0
8457 0
8458 0
8459 1
8460 0
8461 0
8462 0
8463 0
8464 0
8465 0
8466 0
8467 0
8468 0
8469 0
8470 0
8471 0
8472 0
8473 0
8474 0
8475 0
8476 0
8477 0
8478 0
8479 0
8480 1
8481 0
8482 0
8483 0
8484 0
8485 1
8486 0
8487 0
8488 0
8489 0
8490 0
8491 0
8492 0
8493 0
8494 0
8495 0
8496 0
8497 0
8498 0
8499 1
8500 0
8501 0
8502 0
8503 0
8504 0
8505 0
8506 0
8507 0
8508 0
8509 1
8510 0
8511 0
8512 0
8513 1
8514 0
8515 0
8516 0
8517 0
8518 0
8519 1
8520 0
8521 0
8522 1
8523 0
8524 1
8525 0
8526 1
8527 0
8528 0
8529 0
8530 0
8531 0
8532 0
8533 0
8534 0
8535 0
8536 1
8537 1
8538 0
8539 0
8540 0
8541 1
8542 0
8543 0
8544 0
8545 0
8546 0
8547 0
8548 1
8549 0
8550 0
8551 1
8552 0
8553 0
8554 0
8555 0
8556 0
8557 0
8558 0
8559 0
8560 0
8561 0
8562 1
8563 0
8564 0
8565 0
8566 0
8567 0
8568 0
8569 0
8570 0
8571 0
8572 2
8573 0
8574 0
8575 0
8576 0
8577 0
8578 0
8579 0
8580 0
8581 0
8582 0
8583 1
8584 0
8585 0
8586 1
8587 0
8588 0
8589 0
8590 0
8591 0
8592 0
8593 0
8594 0
8595 0
8596 1
8597 0
8598 0
8599 0
8600 0
8601 0
8602 0
8603 1
8604 1
8605 1
8606 0
8607 0
8608 0
8609 0
8610 0
8611 0
8612 0
8613 0
8614 0
8615 1
8616 0
8617 0
8618 0
8619 0
8620 0
8621 0
8622 0
8623 0
8624 1
8625 0
8626 0
8627 0
8628 0
8629 1
8630 1
8631 0
8632 0
8633 0
8634 1
8635 0
8636 0
8637 0
8638 0
8639 1
8640 0
8641 1
8642 0
8643 0
8644 0
8645 0
8646 0
8647 0
8648 1
8649 1
8650 1
8651 1
8652 1
8653 1
8654 0
8655 0
8656 1
8657 0
8658 1
8659 1
8660 0
8661 1
8662 0
8663 0
8664 1
8665 2
8666 1
8667 1
8668 2
8669 2
8670 1
8671 2
8672 0
8673 1
8674 1
8675 0
8676 2
8677 1
8678 1
8679 1
8680 0
8681 0
8682 1
8683 0
8684 0
8685 0
8686 0
8687 1
8688 0
8689 1
8690 0
8691 0
8692 1
8693 0
8694 0
8695 0
8696 0
8697 1
8698 0
8699 1
8700 0
8701 0
8702 0
8703 0
8704 0
8705 0
8706 0
8707 0
8708 0
8709 2
8710 0
8711 1
8712 0
8713 0
8714 0
8715 1
8716 1
8717 1
8718 2
8719 0
8720 0
8721 1
8722 2
8723 0
8724 1
8725 1
8726 3
8727 1
8728 1
8729 0
8730 0
8731 0
8732 0
8733 1
8734 0
8735 1
8736 0
8737 0
8738 1
8739 3
8740 2
8741 1
8742 0
8743 0
8744 2
8745 2
8746 1
8747 0
8748 0
8749 1
8750 2
8751 1
8752 0
8753 0
8754 0
8755 1
8756 2
8757 1
8758 1
8759 1
8760 0
8761 2
8762 0
8763 1
8764 0
8765 0
8766 1
8767 0
8768 0
8769 1
8770 1
8771 0
8772 0
8773 1
8774 0
8775 0
8776 0
8777 0
8778 1
8779 1
8780 2
8781 1
8782 2
8783 1
8784 2
8785 1
8786 2
8787 2
8788 1
8789 1
8790 1
8791 2
8792 1
8793 1
8794 2
8795 0
8796 1
8797 3
8798 0
8799 1
8800 0
8801 2
8802 1
8803 1
8804 0
8805 2
8806 2
8807 2
8808 1
8809 0
8810 1
8811 3
8812 1
8813 2
8814 0
8815 1
8816 0
8817 0
8818 1
8819 2
8820 2
8821 1
8822 1
8823 1
8824 1
8825 1
8826 0
8827 0
8828 0
8829 1
8830 0
8831 0
8832 0
8833 0
8834 0
8835 0
8836 1
8837 1
8838 0
8839 0
8840 1
8841 1
8842 1
8843 2
8844 0
8845 0
8846 0
8847 0
8848 1
8849 0
8850 2
8851 1
8852 2
8853 0
8854 1
8855 1
8856 1
8857 0
8858 0
8859 0
8860 0
8861 0
8862 2
8863 0
8864 0
8865 1
8866 0
8867 1
8868 3
8869 2
8870 3
8871 3
8872 2
8873 2
8874 2
8875 1
8876 1
8877 2
8878 0
8879 1
8880 0
8881 0
8882 0
8883 1
8884 0
8885 0
8886 1
8887 0
8888 0
8889 2
8890 3
8891 0
8892 1
8893 0
8894 3
8895 1
8896 1
8897 1
8898 1
8899 0
8900 0
8901 0
8902 1
8903 1
8904 1
8905 0
8906 0
8907 1
8908 0
8909 0
8910 0
8911 1
8912 1
8913 0
8914 0
8915 0
8916 0
8917 1
8918 0
8919 1
8920 0
8921 1
8922 0
8923 1
8924 0
8925 0
8926 0
8927 0
8928 0
8929 0
8930 0
8931 0
8932 1
8933 1
8934 1
8935 0
8936 0
8937 0
8938 0
8939 0
8940 1
8941 0
8942 0
8943 1
8944 0
8945 0
8946 0
8947 1
8948 0
8949 0
8950 0
8951 0
8952 1
8953 0
8954 0
8955 1
8956 1
8957 0
8958 0
8959 1
8960 0
8961 0
8962 1
8963 0
8964 1
8965 0
8966 2
8967 0
8968 0
8969 0
8970 0
8971 0
8972 1
8973 0
8974 0
8975 0
8976 0
8977 0
8978 0
8979 0
8980 0
8981 0
8982 0
8983 1
8984 1
8985 0
8986 1
8987 1
8988 0
8989 0
8990 2
8991 2
8992 2
8993 1
8994 1
8995 1
8996 2
8997 2
8998 1
8999 1
9000 1
9001 0
9002 1
9003 1
9004 1
9005 0
9006 1
9007 1
9008 1
9009 0
9010 0
9011 2
9012 1
9013 1
9014 1
9015 1
9016 1
9017 1
9018 2
9019 2
9020 1
9021 1
9022 0
9023 1
9024 0
9025 0
9026 1
9027 2
9028 2
9029 1
9030 2
9031 2
9032 1
9033 1
9034 2
9035 1
9036 1
9037 2
9038 1
9039 0
9040 1
9041 2
9042 1
9043 1
9044 1
9045 2
9046 1
9047 1
9048 1
9049 1
9050 1
9051 0
9052 1
9053 1
9054 1
9055 3
9056 0
9057 2
9058 1
9059 1
9060 0
9061 1
9062 2
9063 1
9064 1
9065 1
9066 1
9067 2
9068 1
9069 0
9070 0
9071 0
9072 0
9073 0
9074 1
9075 3
9076 2
9077 3
9078 1
9079 2
9080 1
9081 1
9082 1
9083 1
9084 1
9085 2
9086 1
9087 3
9088 3
9089 0
9090 2
9091 1
9092 1
9093 1
9094 2
9095 0
9096 0
9097 2
9098 1
9099 0
9100 2
9101 1
9102 0
9103 1
9104 1
9105 1
9106 2
9107 0
9108 0
9109 0
9110 1
9111 1
9112 2
9113 3
9114 3
9115 2
9116 1
9117 0
9118 0
9119 2
9120 1
9121 0
9122 1
9123 0
9124 0
9125 0
9126 0
9127 0
9128 1
9129 0
9130 0
9131 0
9132 0
9133 0
9134 0
9135 1
9136 1
9137 0
9138 0
9139 0
9140 1
9141 0
9142 0
9143 1
9144 0
9145 0
9146 0
9147 0
9148 0
9149 0
9150 0
9151 0
9152 2
9153 0
9154 0
9155 0
9156 1
9157 1
9158 0
9159 1
9160 0
9161 0
9162 1
9163 1
9164 0
9165 0
9166 0
9167 0
9168 0
9169 0
9170 0
9171 0
9172 1
9173 0
9174 0
9175 0
9176 0
9177 0
9178 1
9179 0
9180 0
9181 2
9182 1
9183 0
9184 1
9185 0
9186 0
9187 0
9188 1
9189 0
9190 1
9191 0
9192 0
9193 0
9194 0
9195 0
9196 0
9197 0
9198 1
9199 0
9200 0
9201 1
9202 1
9203 1
9204 1
9205 1
9206 1
9207 0
9208 0
9209 0
9210 1
9211 0
9212 0
9213 1
9214 0
9215 0
9216 0
9217 0
9218 0
9219 0
9220 2
9221 1
9222 2
9223 0
9224 1
9225 3
9226 1
9227 3
9228 3
9229 2
9230 3
9231 0
9232 3
9233 1
9234 1
9235 1
9236 2
9237 1
9238 1
9239 1
9240 0
9241 1
9242 2
9243 0
9244 1
9245 1
9246 2
9247 1
9248 1
9249 0
9250 0
9251 0
9252 0
9253 0
9254 0
9255 1
9256 0
9257 0
9258 0
9259 0
9260 3
9261 0
9262 1
9263 1
9264 3
9265 2
9266 1
9267 0
9268 1
9269 0
9270 1
9271 0
9272 0
9273 0
9274 0
9275 1
9276 0
9277 1
9278 0
9279 0
9280 0
9281 0
9282 0
9283 1
9284 0
9285 0
9286 2
9287 0
9288 0
9289 0
9290 0
9291 0
9292 0
9293 0
9294 2
9295 0
9296 1
9297 1
9298 0
9299 0
9300 0
9301 0
9302 0
9303 0
9304 1
9305 1
9306 0
9307 1
9308 2
9309 0
9310 1
9311 0
9312 1
9313 1
9314 1
9315 0
9316 1
9317 1
9318 0
9319 0
9320 0
9321 0
9322 1
9323 1
9324 1
9325 0
9326 1
9327 1
9328 1
9329 0
9330 1
9331 1
9332 0
9333 1
9334 0
9335 0
9336 2
9337 0
9338 1
9339 1
9340 0
9341 1
9342 0
9343 2
9344 0
9345 0
9346 1
9347 1
9348 1
9349 1
9350 0
9351 0
9352 1
9353 1
9354 0
9355 0
9356 0
9357 0
9358 0
9359 0
9360 0
9361 0
9362 0
9363 1
9364 0
9365 0
9366 0
9367 1
9368 0
9369 1
9370 1
9371 0
9372 0
9373 0
9374 0
9375 1
9376 1
9377 0
9378 0
9379 3
9380 1
9381 1
9382 2
9383 0
9384 0
9385 1
9386 1
9387 1
9388 0
9389 0
9390 0
9391 1
9392 0
9393 1
9394 0
9395 2
9396 0
9397 0
9398 0
9399 0
9400 0
9401 1
9402 1
9403 0
9404 2
9405 1
9406 0
9407 1
9408 1
9409 0
9410 1
9411 0
9412 0
9413 0
9414 0
9415 0
9416 0
9417 0
9418 1
9419 0
9420 0
9421 1
9422 1
9423 0
9424 0
9425 0
9426 0
9427 0
9428 0
9429 0
9430 0
9431 0
9432 1
9433 0
9434 1
9435 1
9436 1
9437 0
9438 1
9439 0
9440 1
9441 1
9442 0
9443 0
9444 0
9445 1
9446 0
9447 0
9448 1
9449 0
9450 0
9451 0
9452 0
9453 1
9454 0
9455 0
9456 1
9457 0
9458 0
9459 0
9460 1
9461 0
9462 0
9463 0
9464 0
9465 0
9466 0
9467 0
9468 0
9469 0
9470 1
9471 0
9472 0
9473 0
9474 0
9475 0
9476 0
9477 1
9478 0
9479 0
9480 1
9481 0
9482 0
9483 1
9484 0
9485 1
9486 0
9487 0
9488 0
9489 0
9490 0
9491 0
9492 0
9493 1
9494 1
9495 0
9496 0
9497 0
9498 1
9499 0
9500 0
9501 0
9502 0
9503 0
9504 0
9505 0
9506 0
9507 0
9508 0
9509 0
9510 0
9511 2
9512 0
9513 1
9514 1
9515 0
9516 0
9517 0
9518 0
9519 0
9520 0
9521 0
9522 0
9523 0
9524 0
9525 0
9526 1
9527 0
9528 0
9529 1
9530 0
9531 1
9532 0
9533 1
9534 1
9535 1
9536 0
9537 1
9538 0
9539 0
9540 0
9541 1
9542 0
9543 0
9544 1
9545 0
9546 0
9547 0
9548 0
9549 0
9550 1
9551 1
9552 1
9553 1
9554 2
9555 0
9556 0
9557 0
9558 0
9559 0
9560 0
9561 0
9562 1
9563 0
9564 0
9565 2
9566 0
9567 0
9568 0
9569 0
9570 0
9571 0
9572 0
9573 1
9574 0
9575 0
9576 0
9577 1
9578 0
9579 0
9580 0
9581 0
9582 1
9583 0
9584 0
9585 0
9586 0
9587 0
9588 1
9589 0
9590 2
9591 0
9592 1
9593 1
9594 0
9595 2
9596 0
9597 0
9598 0
9599 0
9600 0
9601 0
9602 0
9603 0
9604 0
9605 0
9606 0
9607 0
9608 0
9609 1
9610 0
9611 2
9612 0
9613 1
9614 0
9615 1
9616 0
9617 1
9618 1
9619 0
9620 0
9621 0
9622 1
9623 0
9624 0
9625 1
9626 0
9627 1
9628 0
9629 0
9630 0
9631 0
9632 0
9633 0
9634 0
9635 0
9636 1
9637 0
9638 0
9639 0
9640 0
9641 0
9642 0
9643 1
9644 0
9645 2
9646 0
9647 1
9648 0
9649 1
9650 0
9651 0
9652 0
9653 0
9654 0
9655 0
9656 1
9657 0
9658 0
9659 1
9660 1
9661 0
9662 0
9663 1
9664 0
9665 1
9666 0
9667 1
9668 0
9669 0
9670 0
9671 0
9672 0
9673 0
9674 0
9675 1
9676 0
9677 0
9678 0
9679 1
9680 0
9681 0
9682 0
9683 0
9684 2
9685 0
9686 1
9687 1
9688 1
9689 1
9690 1
9691 1
9692 0
9693 0
9694 1
9695 0
9696 0
9697 1
9698 1
9699 0
9700 0
9701 0
9702 0
9703 0
9704 0
9705 1
9706 0
9707 1
9708 2
9709 0
9710 0
9711 1
9712 3
9713 0
9714 1
9715 1
9716 0
9717 1
9718 0
9719 1
9720 1
9721 2
9722 1
9723 0
9724 1
9725 0
9726 1
9727 0
9728 0
9729 1
9730 1
9731 1
9732 0
9733 1
9734 1
9735 0
9736 0
9737 0
9738 0
9739 1
9740 0
9741 0
9742 0
9743 1
9744 0
9745 0
9746 0
9747 0
9748 0
9749 0
9750 0
9751 0
9752 0
9753 0
9754 0
9755 1
9756 0
9757 1
9758 0
9759 0
9760 0
9761 1
9762 1
9763 0
9764 0
9765 1
9766 1
9767 1
9768 0
9769 0
9770 1
9771 0
9772 0
9773 1
9774 2
9775 1
9776 1
9777 2
9778 2
9779 3
9780 0
9781 2
9782 1
9783 0
9784 0
9785 0
9786 0
9787 0
9788 0
9789 0
9790 0
9791 0
9792 1
9793 0
9794 1
9795 0
9796 0
9797 0
9798 2
9799 3
9800 2
9801 1
9802 2
9803 0
9804 2
9805 0
9806 1
9807 2
9808 1
9809 0
9810 0
9811 0
9812 0
9813 1
9814 1
9815 1
9816 0
9817 1
9818 0
9819 0
9820 1
9821 1
9822 0
9823 0
9824 1
9825 0
9826 0
9827 1
9828 2
9829 0
9830 0
9831 0
9832 0
9833 0
9834 0
9835 0
9836 1
9837 1
9838 0
9839 1
9840 0
9841 0
9842 0
9843 0
9844 2
9845 0
9846 1
9847 0
9848 0
9849 0
9850 0
9851 0
9852 0
9853 1
9854 1
9855 0
9856 1
9857 1
9858 0
9859 2
9860 2
9861 1
9862 0
9863 1
9864 2
9865 0
9866 1
9867 0
9868 1
9869 1
9870 0
9871 1
9872 0
9873 0
9874 1
9875 1
9876 1
9877 0
9878 1
9879 0
9880 2
9881 0
9882 1
9883 1
9884 1
9885 2
9886 2
9887 1
9888 0
9889 0
9890 3
9891 2
9892 0
9893 2
9894 0
9895 0
9896 0
9897 0
9898 0
9899 1
9900 1
9901 0
9902 1
9903 0
9904 2
9905 0
9906 1
9907 1
9908 1
9909 0
9910 0
9911 0
9912 1
9913 1
9914 1
9915 1
9916 1
9917 0
9918 2
9919 0
9920 0
9921 1
9922 1
9923 3
9924 2
9925 1
9926 2
9927 0
9928 0
9929 0
9930 0
9931 0
9932 1
9933 1
9934 0
9935 0
9936 3
9937 1
9938 0
9939 2
9940 2
9941 1
9942 1
9943 1
9944 0
9945 0
9946 2
9947 0
9948 0
9949 1
9950 1
9951 1
9952 0
9953 1
9954 0
9955 0
9956 0
9957 0
9958 0
9959 0
9960 0
9961 1
9962 0
9963 0
9964 0
9965 0
9966 0
9967 0
9968 1
9969 1
9970 1
9971 0
9972 0
9973 0
9974 0
9975 0
9976 0
9977 1
9978 0
9979 0
9980 0
9981 0
9982 0
9983 1
9984 0
9985 0
9986 0
9987 0
9988 0
9989 1
9990 0
9991 0
9992 1
9993 0
9994 0
9995 0
9996 0
9997 0
9998 0
9999 0
10000 1
10001 0
