Run semi-empirical minimization
 &qmmm
    qm_theory='AM1', grms_tol=0.0005,
 scfconv=1.d-10, ndiis_attempts=700,   qmcharge=0,
 /
   6    C1        7.7840        1.9310       21.4120 
   6    C2        6.4560        2.5860       21.7430 
   6    C3        5.7550        1.9260       22.9170 
   8    O1        6.3310        1.6240       23.9590 
   7    N1        4.4180        1.7170       22.6450 
   6    C4        3.5080        1.0960       23.5990 
   6    C5        2.0390        1.3620       23.2780 
   6    C6        1.7330        2.2360       22.2580 
   6    C7        0.3910        2.4800       21.9650 
   6    C8       -0.6100        1.8430       22.6980 
   7    N2       -1.9660        2.0880       22.4000 
   6    C9       -2.9900        1.8630       23.4010 
   6   C10       -2.3520        2.5830       21.0940 
   6   C11       -0.2690        0.9620       23.7250 
   6   C12        1.0720        0.7190       24.0180 
   6   C13        3.8360       -0.3550       23.7330 
   6   C14        3.2970       -1.2570       22.8230 
   6   C15        3.5970       -2.6110       22.9400 
   6   C16        4.4400       -3.0670       23.9690 
   6   C17        4.7580       -4.4250       24.1100 
   6   C18        5.5920       -4.8440       25.1360 
   6   C19        6.0820       -3.8790       25.9930 
   7    N3        5.8000       -2.5600       25.8930 
   6   C20        4.9900       -2.1570       24.8960 
   6   C21        4.6730       -0.8080       24.7550 
   8    O2        5.1920        0.0980       25.6400 
   1    H1        8.3080        1.6730       22.3440 
   1    H2        7.6060        1.0170       20.8260 
   1    H3        8.4010        2.6280       20.8260 
   1    H4        6.6360        3.6430       21.9890 
   1    H5        5.8040        2.4790       20.8630 
   1    H6        4.0430        2.0470       21.7600 
   1    H7        3.6580        1.5670       24.5820 
   1    H8        2.5310        2.7320       21.6860 
   1    H9        0.1220        3.1750       21.1560 
   1   H10       -2.5500        1.9600       24.4040 
   1   H11       -3.7920        2.6070       23.2790 
   1   H12       -3.4060        0.8520       23.2790 
   1   H13       -3.0250        3.4450       21.2130 
   1   H14       -1.4540        2.8920       20.5390 
   1   H15       -2.8700        1.7870       20.5390 
   1   H16       -1.0580        0.4590       24.3030 
   1   H17        1.3530        0.0260       24.8250 
   1   H18        2.6380       -0.9030       22.0160 
   1   H19        3.1720       -3.3290       22.2230 
   1   H20        4.3450       -5.1610       23.4040 
   1   H21        5.8530       -5.9050       25.2620 
   1   H22        6.7440       -4.2040       26.8090 
   1   H23        5.5670       -0.3910       26.3930 

